02	137412.0000
02	16512.0000
02	37095.0000
02	5600.0000
02	6889.7600
02	74966.5500
03	0.0000
03	0.0000
03	10200.0000
03	108000.0000
03	1080800.0000
03	11256.0000
03	118140.6000
03	1344000.0000
03	14100.0000
03	16827.0000
03	18300.0000
03	18600.0000
03	21600.0000
03	22080.0000
03	23000.0000
03	24300.0000
03	251700.0000
03	26400.0000
03	27600.0000
03	292250.0000
03	31680.0000
03	3195551.7600
03	32800.0000
03	35850.0000
03	36000.0000
03	38990.0000
03	4160.0000
03	455640.0000
03	49200.0000
03	67200.0000
03	72000.0000
03	72000.0000
03	72500.0000
03	7400.0000
03	748000.0000
03	833000.0000
03	8640.0000
03	9300000.0000
03	931000.0000
03	9360.0000
06	12900.0000
06	134000.0000
06	3000.0000
06	33500.0000
06	37000.0000
08	0.0000
08	1.0000
08	1.0000
08	10.0000
08	10.0000
08	10.0000
08	10.0000
08	10.0000
08	10.0000
08	10.0000
08	10.0000
08	10.0000
08	10.0000
08	100.0000
08	100.0000
08	100.0000
08	101.0000
08	103.0000
08	106650.0000
08	1079117.4000
08	10800.0000
08	11.0000
08	1161733.6500
08	133199.9900
08	15.0000
08	15.0000
08	150.0000
08	153832.0000
08	1695838.5000
08	1725324.0000
08	1759980.0000
08	18450000.0000
08	188328.0000
08	2.0000
08	2.0000
08	2.0000
08	2.0000
08	2.0000
08	2.0000
08	20.0000
08	20.0000
08	20.0000
08	20.0000
08	20.0000
08	20.0000
08	205999.9900
08	24.0000
08	240.0000
08	240.0000
08	251652.0000
08	261499.9900
08	2770104.7500
08	3.0000
08	3.0000
08	30.0000
08	30.0000
08	30.0000
08	30.0000
08	30.0000
08	30.0000
08	30.0000
08	310000.0000
08	31840000.0000
08	324000.0000
08	35.0000
08	3953988.0000
08	396000.0000
08	4.0000
08	4.0000
08	40.0000
08	40.0000
08	403000.0000
08	417286.9500
08	421700.0000
08	43020000.0000
08	45.0000
08	45.0000
08	5.0000
08	5.0000
08	5.0000
08	5.0000
08	5.0000
08	5.0000
08	5.0000
08	5.0000
08	5.0000
08	5.0000
08	5.0000
08	50.0000
08	50.0000
08	50.0000
08	50.0000
08	503848.2000
08	510000.0000
08	5194635.0000
08	560400.0000
08	5650.0000
08	584496.9000
08	6.0000
08	60.0000
08	60.0000
08	60.0000
08	60.0000
08	60.0000
08	60.0000
08	60.0000
08	6300.0000
08	653046.0000
08	6900.0000
08	6929.0000
08	6929.0000
08	7.0000
08	7000.0000
08	72000.0000
08	7400.0000
08	756500.0000
08	7840.0000
08	7883.8200
08	8.0000
08	8.0000
08	8.0000
08	8043.9400
08	811470.0000
08	8483.5300
08	90.0000
08	9108.5200
09	0.0000
09	0.0000
09	0.0000
09	0.0000
09	0.0000
09	0.0000
09	0.0000
09	0.0000
09	0.0000
09	0.0000
09	0.0000
09	0.0000
09	0.0000
09	0.0000
09	0.0000
09	0.0000
09	0.0000
09	0.0000
09	0.0000
09	0.0000
09	0.0000
09	0.0000
09	0.0000
09	0.0000
09	0.0000
09	0.0000
09	0.0000
09	0.0000
09	0.0000
09	0.0000
09	0.0000
09	0.0000
09	0.0000
09	0.0000
09	0.0000
09	0.0000
09	0.0000
09	0.0000
09	0.0000
09	0.0000
09	0.0000
09	0.0000
09	0.0000
09	0.0000
09	0.0000
09	0.0000
09	0.0000
09	0.0000
09	0.0000
09	0.0000
09	0.0000
09	0.0000
09	0.0000
09	0.0000
09	0.0000
09	0.0000
09	0.0000
09	0.0000
09	0.0000
09	0.0000
09	0.0000
09	0.0000
09	0.0000
09	0.0000
09	0.0000
09	0.0000
09	0.0000
09	0.0000
09	0.0000
09	0.0000
09	0.0000
09	0.0000
09	0.0000
09	0.0000
09	0.0000
09	0.0000
09	0.0000
09	0.0000
09	0.0000
09	0.0000
09	0.0000
09	0.0000
09	0.0000
09	0.0000
09	0.0000
09	0.0000
09	0.0000
09	0.0000
09	0.0000
09	0.0000
09	0.0000
09	0.0000
09	0.0000
09	0.0000
09	0.0000
09	0.0000
09	0.0000
09	0.0000
09	0.0000
09	0.0000
09	0.0000
09	0.0000
09	0.0000
09	0.0000
09	0.0000
09	0.0000
09	0.0000
09	0.0000
09	0.0000
09	0.0000
09	0.0000
09	0.0000
09	0.0000
09	0.0000
09	0.0000
09	0.0000
09	0.0000
09	0.0000
09	0.0000
09	0.0000
09	0.0000
09	0.0000
09	0.0000
09	0.0000
09	0.0000
09	0.0000
09	0.0000
09	0.0000
09	0.0000
09	0.0000
09	0.0000
09	0.0000
09	0.0000
09	0.0000
09	0.0000
09	0.0000
09	0.0000
09	0.0000
09	0.0000
09	0.0000
09	0.0000
09	0.0000
09	0.0000
09	0.0000
09	0.0000
09	0.0000
09	0.0000
09	0.0000
09	0.0000
09	0.0000
09	0.0000
09	0.0000
09	0.0000
09	0.0000
09	0.0000
09	0.0000
09	0.0000
09	0.0000
09	0.0000
09	0.0000
09	0.0000
09	0.0000
09	0.0000
09	0.0000
09	0.0000
09	0.0000
09	0.0000
09	0.0000
09	0.0000
09	0.0000
09	0.0000
09	0.0000
09	0.0000
09	0.0000
09	0.0000
09	0.0000
09	0.0000
09	0.0000
09	0.0000
09	0.0000
09	0.0000
09	0.0000
09	0.0000
09	0.0000
09	0.0000
09	0.0000
09	0.0000
09	0.0000
09	0.0000
09	0.0000
09	0.0000
09	0.0000
09	0.0000
09	0.0000
09	0.0000
09	0.0000
09	0.0000
09	0.0000
09	0.0000
09	0.0000
09	0.0000
09	0.0000
09	0.0000
09	0.0000
09	0.0000
09	0.0000
09	0.0000
09	0.0000
09	0.0000
09	0.0000
09	0.0000
09	0.0000
09	0.0000
09	0.0000
09	0.0000
09	0.0000
09	0.0000
09	0.0000
09	0.0000
09	0.0000
09	0.0000
09	0.0000
09	0.0000
09	0.0000
09	0.0000
09	0.0000
09	0.0000
09	0.0000
09	0.0000
09	0.0000
09	0.0000
09	0.0000
09	0.0000
09	0.0000
09	0.0000
09	0.0000
09	0.0000
09	0.0000
09	0.0000
09	0.0000
09	0.0000
09	0.0000
09	0.0000
09	0.0000
09	0.0000
09	0.0000
09	0.0000
09	0.0000
09	0.0000
09	0.0000
09	0.0000
09	0.0000
09	0.0000
09	0.0000
09	0.0000
09	0.0000
09	0.0000
09	0.0000
09	0.0000
09	0.0000
09	0.0000
09	0.0000
09	0.0000
09	0.0000
09	0.0000
09	0.0000
09	0.0000
09	0.0000
09	0.0000
09	0.0000
09	0.0000
09	0.0000
09	0.0000
09	0.0000
09	0.0000
09	0.0000
09	0.0000
09	0.0000
09	0.0000
09	0.0000
09	0.0000
09	0.0000
09	0.0000
09	0.0000
09	0.0000
09	0.0000
09	0.0000
09	0.0000
09	0.0000
09	0.0000
09	0.0000
09	0.0000
09	0.0000
09	0.0000
09	0.0000
09	0.0000
09	0.0000
09	0.0000
09	0.0000
09	0.0000
09	0.0000
09	0.0000
09	0.0000
09	0.0000
09	0.0000
09	0.0000
09	0.0000
09	0.0000
09	0.0000
09	0.0000
09	0.0000
09	0.0000
09	0.0000
09	0.0000
09	0.0000
09	0.0000
09	0.0000
09	0.0000
09	0.0000
09	0.0000
09	0.0000
09	0.0000
09	0.0000
09	0.0000
09	0.0000
09	0.0000
09	0.0000
09	0.0000
09	0.0000
09	0.0000
09	0.0000
09	0.0000
09	0.0000
09	0.0000
09	0.0000
09	0.0000
09	0.0000
09	0.0000
09	0.0000
09	0.0000
09	0.0000
09	0.0000
09	0.0000
09	0.0000
09	0.0000
09	0.0000
09	0.0000
09	0.0000
09	0.0000
09	0.0000
09	0.0000
09	0.0000
09	0.0000
09	0.0000
09	0.0000
09	0.0000
09	0.0000
09	0.0000
09	0.0000
09	0.0000
09	0.0000
09	0.0000
09	0.0000
09	0.0000
09	0.0000
09	0.0000
09	0.0000
09	0.0000
09	0.0000
09	0.0000
09	0.0000
09	0.0000
09	0.0000
09	0.0000
09	0.0000
09	0.0000
09	0.0000
09	0.0000
09	0.0000
09	0.0000
09	0.0000
09	0.0000
09	0.0000
09	0.0000
09	0.0000
09	0.0000
09	0.0000
09	0.0000
09	0.0000
09	0.0000
09	0.0000
09	0.0000
09	0.0000
09	0.0000
09	0.0000
09	0.0000
09	0.0000
09	0.0000
09	0.0000
09	0.0000
09	0.0000
09	0.0000
09	0.0000
09	0.0000
09	0.0000
09	0.0000
09	0.0000
09	0.0000
09	0.0000
09	0.0000
09	0.0000
09	0.0000
09	0.0000
09	0.0000
09	0.0000
09	0.0000
09	0.0000
09	0.0000
09	0.0000
09	0.0000
09	0.0000
09	0.0000
09	0.0000
09	0.0000
09	0.0000
09	0.0000
09	0.0000
09	0.0000
09	0.0000
09	0.0000
09	0.0000
09	0.0000
09	0.0000
09	0.0000
09	0.0000
09	0.0000
09	0.0000
09	0.0000
09	0.0000
09	0.0000
09	0.0000
09	0.0000
09	0.0000
09	0.0000
09	0.0000
09	0.0000
09	0.0000
09	0.0000
09	0.0000
09	0.0000
09	0.0000
09	0.0000
09	0.0000
09	0.0000
09	0.0000
09	0.0000
09	0.0000
09	0.0000
09	0.0000
09	0.0000
09	0.0000
09	0.0000
09	0.0000
09	0.0000
09	0.0000
09	0.0000
09	0.0000
09	0.0000
09	0.0000
09	0.0000
09	0.0000
09	0.0000
09	0.0000
09	0.0000
09	0.0000
09	0.0000
09	0.0000
09	0.0000
09	0.0000
09	0.0000
09	0.0000
09	0.0000
09	0.0000
09	0.0000
09	0.0000
09	0.0000
09	0.0000
09	0.0000
09	0.0000
09	0.0000
09	0.0000
09	0.0000
09	0.0000
09	0.0000
09	0.0000
09	0.0000
09	0.0000
09	0.0000
09	0.0000
09	0.0000
09	0.0000
09	0.0000
09	0.0000
09	0.0000
09	0.0000
09	0.0000
09	0.0000
09	0.0000
09	0.0000
09	0.0000
09	0.0000
09	0.0000
09	0.0000
09	0.0000
09	0.0000
09	0.0000
09	0.0000
09	0.0000
09	0.0000
09	0.0000
09	0.0000
09	0.0000
09	0.0000
09	0.0000
09	0.0000
09	0.0000
09	0.0000
09	0.0000
09	0.0000
09	0.0000
09	0.0000
09	0.0000
09	0.0000
09	0.0000
09	0.0000
09	0.0000
09	0.0000
09	0.0000
09	0.0000
09	0.0000
09	0.0000
09	0.0000
09	0.0000
09	0.0000
09	0.0000
09	0.0000
09	0.0000
09	0.0000
09	0.0000
09	0.0000
09	0.0000
09	0.0000
09	0.0000
09	0.0000
09	0.0000
09	0.0000
09	0.0000
09	0.0000
09	0.0000
09	0.0000
09	0.0000
09	0.0000
09	0.0000
09	0.0000
09	0.0000
09	0.0000
09	0.0000
09	0.0000
09	0.0000
09	0.0000
09	0.0000
09	0.0000
09	0.0000
09	0.0000
09	0.0000
09	0.0000
09	0.0000
09	0.0000
09	0.0000
09	0.0000
09	0.0000
09	0.0000
09	0.0000
09	0.0000
09	0.0000
09	0.0000
09	0.0000
09	0.0000
09	0.0000
09	0.0000
09	0.0000
09	0.0000
09	0.0000
09	0.0000
09	0.0000
09	0.0000
09	0.0000
09	0.0000
09	0.0000
09	0.0000
09	0.0000
09	0.0000
09	0.0000
09	0.0000
09	0.0000
09	0.0000
09	0.0000
09	0.0000
09	0.0000
09	0.0000
09	0.0000
09	0.0000
09	0.0000
09	0.0000
09	0.0000
09	0.0000
09	0.0000
09	0.0000
09	0.0000
09	0.0000
09	0.0000
09	0.0000
09	0.0000
09	1.0000
09	1.0000
09	1000.0000
09	1000.0000
09	1000.0000
09	1000.0000
09	1000.0000
09	10000.0000
09	10000.0000
09	100176.7500
09	1004160.0000
09	1008.0000
09	1008.0000
09	10080.0000
09	10080.0000
09	1013.0400
09	101360.0000
09	1014.2000
09	1015.2000
09	10175.0000
09	1020.0000
09	1020.0000
09	10200.0000
09	1022.0000
09	1024.0000
09	10272.0000
09	1028.1600
09	1029.6000
09	1029.6000
09	10296.0000
09	1032.0000
09	1035.0000
09	10368.0000
09	10395.0000
09	10.4000
09	104.0000
09	104.0000
09	104.0000
09	1040.0000
09	10400.0000
09	104300.0000
09	1044.0000
09	104617.5000
09	1046.4000
09	104772.8000
09	10480.0000
09	1049.8000
09	1049.8000
09	1049.8000
09	1049.8000
09	1050.0000
09	1050.0000
09	1050.0000
09	1050.0000
09	10500.0000
09	10500.0000
09	1053.1500
09	1056.0000
09	105600.0000
09	10579.8000
09	105.8400
09	1058.4000
09	10584.0000
09	1062.0000
09	106328.9600
09	1064.0000
09	106875.0000
09	1070.0000
09	1071.0000
09	1076.4000
09	10778.4000
09	10780.0000
09	107800.0000
09	107800.0000
09	1078.8000
09	108.0000
09	1080.0000
09	1080.0000
09	1080.0000
09	1080.0000
09	1080.0000
09	1080.0000
09	10800.0000
09	108000.0000
09	10816.0000
09	10821.8600
09	108281.0000
09	1087.2000
09	108787.3200
09	109.2000
09	10920.0000
09	10920.0000
09	1092.5000
09	109.4000
09	10940.0000
09	10944.0000
09	10950.0000
09	10959.5000
09	10963.2000
09	1096460.0000
09	10976.0000
09	109915.0000
09	11.0000
09	110.0000
09	110.0000
09	1100.0000
09	1100.0000
09	11000.0000
09	1104.0000
09	1105.0000
09	110555.7600
09	110662.6500
09	1107.0000
09	1108.8000
09	1108.8000
09	11108.7600
09	1111.5000
09	11124.0000
09	111485.6000
09	1120.0000
09	1120.0000
09	1123.2000
09	112626.1100
09	11280.0000
09	112840.0000
09	113.0000
09	1132.5000
09	1134.0000
09	113.5000
09	113.7500
09	1137.9200
09	114.0000
09	1140.0000
09	11400.0000
09	11404.8000
09	114120.0000
09	114552.0000
09	1146.6000
09	114750.0000
09	11476.0000
09	1149.1200
09	114.9600
09	115.2000
09	1152.0000
09	1152.0000
09	1152.0000
09	1152.0000
09	115.5000
09	1156.2000
09	1157.0400
09	116.0000
09	116.0000
09	116.0000
09	116.0000
09	116.0100
09	116259.0000
09	116584.6500
09	11660.0000
09	1166.4000
09	116755.1000
09	116800.0000
09	116.9900
09	117.0000
09	1170.0000
09	11700.0000
09	117000.0000
09	11712.2000
09	1175.7600
09	1175.7600
09	1175.7600
09	1175.7600
09	1175.7600
09	1175.7600
09	1176.0000
09	11760.0000
09	11786000.0000
09	117900.0000
09	117960.0000
09	1179.8700
09	118.0000
09	11825.0000
09	11837742.0000
09	118413.3300
09	1186.2000
09	118.8000
09	118800.0000
09	1190.0000
09	11900.0000
09	11900.0000
09	119552.0000
09	12.0000
09	12.0000
09	120.0000
09	120.0000
09	120.0000
09	1200.0000
09	1200.0000
09	1200.0000
09	12000.0000
09	120000.0000
09	1200.1500
09	1204.2000
09	12060.0000
09	1210.0000
09	12110.0000
09	121.2800
09	1215.0000
09	1216.0000
09	12160.0000
09	1220.0000
09	122024.0000
09	1221.1200
09	1222.0000
09	1224.0000
09	1226.4000
09	1230154.2000
09	12320000.0000
09	1237.0000
09	1240.2000
09	12428.0000
09	1245.0000
09	12450.0000
09	12450.0000
09	12450.0000
09	12467.0000
09	12.4800
09	125.0000
09	125.0000
09	125.0000
09	125.0000
09	1250.0000
09	12556.0000
09	1256.0000
09	126.0000
09	12614.0000
09	12633.6000
09	1264511.5000
09	12649.2000
09	127.2000
09	127.5000
09	12750.0000
09	1278312.7500
09	127890.0000
09	12.8000
09	1280.0000
09	128000.0000
09	12832.5000
09	1284.0000
09	1285.9000
09	128810.0000
09	1289610.0000
09	12900.0000
09	1291.0000
09	1291.5000
09	129.4000
09	129.5000
09	129.6000
09	1296.0000
09	12960.0000
09	12967.5000
09	12980.0000
09	12985.0000
09	130.0000
09	130.0000
09	130.0000
09	130.0000
09	1300.0000
09	1300.0000
09	1304800.0000
09	1305.0000
09	13050.0000
09	1308.1000
09	13110.0800
09	1313.7600
09	13176.0000
09	1318.5000
09	1318.8000
09	1319500.0000
09	132.0000
09	1320.0000
09	132017.0000
09	13202.6000
09	132316.0000
09	132500.0000
09	1326.3000
09	1327.5000
09	1329498.0000
09	132.9600
09	133.0000
09	13314.0000
09	13356.2000
09	1338.0000
09	1339.2000
09	13392.0000
09	134.0000
09	134.4000
09	1344.0000
09	1344.0000
09	13440.0000
09	1345.2000
09	135.0000
09	135.0000
09	135.0000
09	1350.0000
09	1350.0000
09	13500.0000
09	13500.0000
09	13500.0000
09	1351.7600
09	13535.6000
09	13536.0000
09	136.0000
09	1360.0000
09	1360.0000
09	1360.8000
09	1364.0000
09	13640.0000
09	136.5000
09	136.8000
09	13686.8400
09	13689.2000
09	137.2000
09	1375.0000
09	1375.0000
09	138.0000
09	1380.0000
09	1380.0000
09	13800.0000
09	138000.0000
09	1381050.0000
09	1385.0000
09	138.6000
09	13879082.0000
09	1388.0000
09	13900.0000
09	13900.0000
09	139.0500
09	1393150.0000
09	1395.0000
09	1395.0000
09	1396.0800
09	1398420.0000
09	1399.8000
09	140.0000
09	140.0000
09	140.0000
09	1400.0000
09	1400.0000
09	14000.0000
09	1402.0000
09	1403.0000
09	140.4000
09	140.4000
09	1404.1600
09	1404.5000
09	14071.2000
09	141000.0000
09	141.1200
09	14112.0000
09	1415.0000
09	1418.1300
09	1418.4000
09	1419.6000
09	14200.0000
09	142.4000
09	142.8000
09	142.8000
09	1430.0000
09	14310.0000
09	143170.0000
09	14326.0000
09	14329.0000
09	14338.0000
09	1434.0000
09	1434.0000
09	1438.5600
09	14.4000
09	1440.0000
09	1440.0000
09	1440.0000
09	1440.0000
09	1440.0000
09	14400.0000
09	1447.2000
09	145.0000
09	1450.0000
09	14500.0000
09	145.2000
09	145.5000
09	14560.0000
09	145.6560
09	1458702.0000
09	14597.0000
09	146064.0000
09	1461.7500
09	1470.0000
09	14700.0000
09	1471.6800
09	14736.0000
09	147.5000
09	14750.0000
09	147.7500
09	147.8400
09	148.0000
09	1480.0000
09	14800.0000
09	148264.0000
09	1489.9200
09	149.0000
09	1490.0000
09	14904.0000
09	149396.0000
09	149536.9200
09	14970.0000
09	15.0000
09	150.0000
09	1500.0000
09	1500.0000
09	1500.0000
09	1500.0000
09	15000.0000
09	15000.0000
09	15000.0000
09	15000.0000
09	15000.0000
09	15098.1600
09	151.2000
09	1512.0000
09	1512.0000
09	1512000.0000
09	151.5000
09	1518.0000
09	1520.0000
09	1520.0000
09	1520.0000
09	1521.0000
09	1522.8000
09	15240.0000
09	152441.2500
09	15249.6000
09	15250.0000
09	1525.2000
09	1526.4000
09	15282.0000
09	1529960.0000
09	15300.0000
09	1538696.4000
09	1539.6000
09	15400.0000
09	15419.7000
09	1543.5000
09	1543968.0000
09	15444.0000
09	1547000.0000
09	154.8000
09	155160.0000
09	156.0000
09	156.0000
09	1560.0000
09	1560.0000
09	1560.0000
09	156241.9000
09	15670000.0000
09	1568.0000
09	15695.9400
09	1571.4000
09	157.2000
09	15768.0000
09	1578.0000
09	15792.0000
09	1580.4000
09	158.4000
09	1585.0000
09	159.0000
09	1592.0000
09	160.0000
09	160.0000
09	160.0000
09	1600.0000
09	1600.0000
09	1600.0000
09	16000.0000
09	16080.0000
09	1609191.7800
09	1610.0000
09	1611.0000
09	16167.6000
09	1620.0000
09	162000.0000
09	16229.3600
09	162.5000
09	1626.2400
09	162864.0000
09	1630.8000
09	163.1000
09	1633.5000
09	1635.0000
09	16352350.0000
09	16437.1200
09	164.4000
09	1644.3000
09	16470.0000
09	1649601.4000
09	1650.0000
09	165.1200
09	165200.0000
09	16549.7800
09	165.6000
09	1656.0000
09	1656.0000
09	1657.5000
09	1660.0000
09	16600.0000
09	16629.6000
09	16650.0000
09	166840.2000
09	167066120.0000
09	167200.0000
09	16790.4000
09	168.0000
09	1680.0000
09	1680.0000
09	1680.0000
09	168.6000
09	168630.3760
09	1688.0000
09	16891.2000
09	1690.0000
09	1690871.0000
09	16956.0000
09	1697250.0000
09	169907.2200
09	17.0000
09	170.0000
09	1700.0000
09	1701.0000
09	170.2400
09	17028.0000
09	17040.0000
09	17050.0000
09	1708.0000
09	170.9100
09	171.0000
09	1710.0000
09	1710.0000
09	1710.0000
09	1710.0000
09	171.0800
09	171.4000
09	17150.0000
09	171.6000
09	17160.0000
09	171828.0000
09	1718.8800
09	1719000.0000
09	172.0000
09	1723.4400
09	1728.0000
09	1728.0000
09	1728.0000
09	1728.0000
09	1730528.8000
09	17363.5000
09	174.0000
09	174.0000
09	1740.0000
09	1740.0000
09	1740.0000
09	1740.0000
09	1740.0000
09	1745.2800
09	1747.5000
09	1750.0000
09	1750.0000
09	175.2000
09	17520.0000
09	175.3920
09	1755.0000
09	17550.0000
09	17550.0000
09	176.0000
09	176.0000
09	17600.0000
09	17649.9000
09	1767700.0000
09	176.8000
09	1770.0000
09	17707.2000
09	17712.0000
09	1773892.7500
09	177.6000
09	1776.0000
09	17775.0000
09	178.0000
09	1780.0000
09	178.2000
09	17820.0000
09	17820.0000
09	17820.0000
09	1785.0000
09	1785291.9420
09	17874.0000
09	179.2000
09	17925.1200
09	1792.8000
09	1795500.0000
09	17959.8000
09	1798.2000
09	17999.0000
09	18.0000
09	180.0000
09	180.0000
09	180.0000
09	180.0000
09	180.0000
09	1800.0000
09	1800.0000
09	1800.0000
09	1800.0000
09	18000.0000
09	18000.0000
09	1800.4000
09	180432.0000
09	180540.0000
09	1806.0000
09	1808.1000
09	1809.0000
09	1809.0800
09	18.1200
09	181.2600
09	1814.4000
09	182.0000
09	1820.0000
09	18211.5000
09	1821.6000
09	182.4000
09	18320.2000
09	1834.0000
09	183907.5000
09	1839.6000
09	18400.0000
09	18460.0000
09	185.0000
09	1860.0000
09	1860.0000
09	186.1200
09	18630.0000
09	1866.0000
09	1867.5000
09	186.9600
09	1869840.5000
09	1871.4000
09	187.2000
09	18.7500
09	1875.0000
09	18761.6000
09	18776.0000
09	1880.0000
09	18800.0000
09	1881600.0000
09	1890080.1000
09	18909.8000
09	18967.5000
09	190.0000
09	190.0000
09	1900.0000
09	1900.0000
09	1900000.0000
09	190095.3600
09	1904.0000
09	190552.5000
09	19080.0000
09	1914.0000
09	1915.2000
09	1915.2000
09	1915.2000
09	19194.7500
09	192.0000
09	192.0000
09	192.0000
09	192.0000
09	192.0000
09	192.0000
09	192.0000
09	1920.0000
09	19219.2000
09	19223.8200
09	1925.0000
09	1931.2800
09	193.3332
09	19360.0000
09	193.8000
09	194.3200
09	194.4000
09	194.4000
09	195.0000
09	1950.0000
09	19500.0000
09	195.1200
09	1955.2500
09	19555641.0000
09	1959.5000
09	19600.0000
09	1965.6000
09	196.8000
09	1970.0000
09	19740.0000
09	1974.4000
09	19.7800
09	198.0000
09	1980.0000
09	19800.0000
09	198000.0000
09	1981.6800
09	1983.8000
09	1984.0000
09	1987.2000
09	19908.0000
09	199192.5000
09	199386.9000
09	199.4400
09	19976.0000
09	20.0000
09	200.0000
09	2000.0000
09	2001.0000
09	200400.0000
09	2004.8000
09	200618.0000
09	201.0000
09	2012.0000
09	2013.6000
09	201.6000
09	201.6000
09	2016.0000
09	2016.0000
09	20160.0000
09	2018.8000
09	2027220.0000
09	202.8000
09	2030.0000
09	20318.4000
09	203346.0000
09	203.5000
09	2040.0000
09	204000.0000
09	2041.2000
09	2043000.0000
09	2046.0000
09	204600.0000
09	2051339.3600
09	205.2000
09	2052.0000
09	20580.0000
09	205960.0000
09	206.0000
09	2066192.7450
09	207.0000
09	20736.0000
09	2076.0000
09	207600.0000
09	208.0000
09	2082.2400
09	2082.2400
09	2083.2000
09	208.5000
09	2085.0000
09	2085.1200
09	2088.0000
09	209.0000
09	2090.0000
09	2092.5000
09	210.0000
09	2100.0000
09	2100.0000
09	21000.0000
09	21000.0000
09	2104.2000
09	2106.0000
09	2106.0000
09	211.2000
09	21120.0000
09	2120.0000
09	21230.0000
09	21265.9200
09	212.8000
09	212.8000
09	21355.2000
09	21357.0000
09	2136.0000
09	213807.0000
09	214700.0000
09	21480.0000
09	214900.0000
09	2151400.0000
09	2152.0000
09	2152.0000
09	2152.0000
09	21520280.0000
09	2152.8000
09	215.6400
09	215.8200
09	216.0000
09	216.0000
09	216.0000
09	2160.0000
09	2160.0000
09	2160.0000
09	2160.0000
09	2160.0000
09	2160.0000
09	2160.0000
09	2160.0000
09	21652.8000
09	217.5000
09	2175.0000
09	21756.0000
09	217.8000
09	217869.1200
09	220.0000
09	220.0000
09	2200.0000
09	2200.0000
09	22000.0000
09	22000.0000
09	220000.0000
09	220023.3750
09	220077.0000
09	220.5000
09	220.8000
09	2208750.0000
09	2210.0000
09	22101.1200
09	221.2500
09	22146.4320
09	2217.5000
09	22179948.1000
09	22.2000
09	222.0000
09	222.2400
09	2225.0000
09	2237.4000
09	223749.7500
09	223844.6000
09	22.4000
09	224.0000
09	224000.0000
09	22418.7500
09	22.5000
09	225.0000
09	225.0000
09	225.0000
09	225.0000
09	2250.0000
09	225000.0000
09	2253.6000
09	225625.0000
09	22600.0000
09	22617.6000
09	226206.5000
09	226.8000
09	226.8000
09	22700580.0000
09	227.0400
09	22.7500
09	22770.0000
09	228.0000
09	228.0000
09	228.0000
09	228.0000
09	2280.0000
09	2280.0000
09	228000.0000
09	22840.0000
09	22840.0000
09	2284.2000
09	228.9000
09	2289.8500
09	2295.0000
09	2300.4800
09	230.4000
09	2308.8000
09	231.0000
09	2310.0000
09	2310.0000
09	2310.0000
09	2310.0000
09	2310.0000
09	2320.5000
09	232290.0000
09	2325.0000
09	23250.0000
09	23250.0000
09	232701.5600
09	232.8000
09	2332.8000
09	23335.2000
09	2334.0000
09	23347.8000
09	233640.0000
09	23.4000
09	2340.0000
09	23400.0000
09	234260.0000
09	235200.0000
09	23600.0000
09	236.2500
09	237.0000
09	237.0000
09	237.6000
09	2379.0000
09	2386512.8000
09	2386.8000
09	2397.4650
09	2398.0000
09	24.0000
09	240.0000
09	240.0000
09	240.0000
09	240.0000
09	240.0000
09	240.0000
09	240.0000
09	2400.0000
09	2400.0000
09	2400.0000
09	2400.0000
09	2400.0000
09	2400.0000
09	240000.0000
09	240.8400
09	241390.6000
09	2415.0000
09	2418.0000
09	242.0000
09	243.0000
09	2431.5000
09	243567.0000
09	24.3600
09	2436.0000
09	243.7500
09	243757.0000
09	2442.4000
09	2448.0000
09	24.5000
09	245.0000
09	245.0000
09	24528.0000
09	245430.0000
09	245520.0000
09	24600.0000
09	246.4000
09	24640.0000
09	247.0000
09	24700.0000
09	2472.0000
09	247284.7000
09	247.5000
09	247.5000
09	2475.0000
09	2480.0000
09	2480.0000
09	2485.2000
09	24895.0000
09	24912.5520
09	2492.0000
09	24960.0000
09	24975.3000
09	2498.4000
09	24990.0000
09	25.0000
09	250.0000
09	250.0000
09	250.0000
09	250.0000
09	2500.0000
09	2500.0000
09	2500.0000
09	2500.0000
09	25000.0000
09	25000.0000
09	25000.0000
09	250.2000
09	25042.5000
09	2505.6000
09	2508.1200
09	2509950.0000
09	2517.0000
09	252.0000
09	252.0000
09	2520.0000
09	2520.0000
09	2520.0000
09	25200.0000
09	25258.5000
09	2527.2000
09	2535.0000
09	2535131.2500
09	254.0000
09	2543.7000
09	25499.0000
09	255.0000
09	25500.0000
09	255000.0000
09	25575.0000
09	256.0000
09	25600.0000
09	25677.5280
09	25681.5000
09	2570.0000
09	2576.8000
09	2577095.1000
09	258.0000
09	258.6400
09	258.8400
09	25.9200
09	259758.9000
09	26.0000
09	26.0000
09	260.0000
09	260.0000
09	260.0000
09	260.0000
09	2600.0000
09	260000.0000
09	260062.7500
09	2604.0000
09	26076543.3500
09	2609.2800
09	261.0000
09	2610.4000
09	261170.0000
09	26133.0000
09	26180.0000
09	26200.0000
09	26233.7600
09	26.2500
09	26320.0000
09	2636.7000
09	2639883.1350
09	264.0000
09	2640.0000
09	2640.0000
09	2646249.7500
09	265306.2400
09	2656.0000
09	26572.0000
09	2658.8000
09	266.0000
09	2660.6400
09	2663.2500
09	2664.0000
09	2670.0000
09	2673.0000
09	267480.0000
09	267600.0000
09	268.0000
09	268.4000
09	268.8000
09	26880.0000
09	2691.0000
09	269500.0000
09	269876.0000
09	270.0000
09	270.0000
09	270.0000
09	270.0000
09	270.0000
09	2700.0000
09	2700.0000
09	2700.0000
09	2700.0000
09	27000.0000
09	27032.0000
09	27.0900
09	271.0800
09	271.2000
09	271548.0000
09	2718.0000
09	272.0000
09	27259471.4000
09	273000.0000
09	273.6000
09	274.3200
09	274500.0000
09	274.8000
09	275.0000
09	2750.0000
09	27526400.0000
09	276020.4384
09	276185.8500
09	2761.9200
09	277.2000
09	2772.0000
09	27720.0000
09	27720.0000
09	2775.0000
09	278154.0000
09	278.2800
09	27840.0000
09	2790.0000
09	27990.0000
09	280.0000
09	280.0000
09	280.0000
09	2800.0000
09	2800.0000
09	280.5000
09	28144.1000
09	2818.8000
09	282.0000
09	282.0000
09	282348.7500
09	28370.1600
09	283.9200
09	2844.8000
09	28470.0000
09	284.8000
09	284990.0000
09	2850.0000
09	2850.0000
09	2850.0000
09	285.2000
09	285.7920
09	28.6000
09	286.2000
09	2872.0000
09	28728.0000
09	2876490.0000
09	28770.0000
09	288.0000
09	288.0000
09	288.0000
09	288.0000
09	2880.0000
09	2880.0000
09	288000.0000
09	2889860.0000
09	2894.4000
09	2895.0000
09	2898.0000
09	2898.0000
09	289.8800
09	290.0000
09	290.0000
09	2900.0000
09	29000.0000
09	2910.6000
09	2912.4000
09	291550.0000
09	291.6000
09	292.0000
09	2926.4400
09	292940.0000
09	29336367.4000
09	2938.8000
09	29496.2500
09	29520.0000
09	295.4640
09	295.5000
09	2955.0000
09	2960.0000
09	297.0000
09	297.0000
09	2970.0000
09	297.1200
09	2978820.0000
09	298675.0000
09	2994.0000
09	2995.2000
09	2995.2000
09	299.7000
09	2997.0000
09	2997.4000
09	3.0000
09	3.0000
09	3.0000
09	30.0000
09	30.0000
09	300.0000
09	300.0000
09	300.0000
09	300.0000
09	300.0000
09	300.0000
09	300.0000
09	3000.0000
09	3000.0000
09	3000.0000
09	3000.0000
09	3000.0000
09	3000.0000
09	3000.0000
09	30000.0000
09	30000.0000
09	30000.0000
09	30000.0000
09	3005.6400
09	3009.0000
09	300.9600
09	302250.0000
09	30230.4000
09	3024.0000
09	30274.5600
09	3036.6000
09	3038730.0000
09	304375.0000
09	304.7000
09	305.1000
09	30576.0000
09	306470.0000
09	30685.0000
09	3072.0000
09	3076.0000
09	30.8000
09	30800.0000
09	30875.0000
09	308.8000
09	310.0000
09	310.5000
09	3108.0000
09	3110.0000
09	3110.4800
09	3112305.9000
09	31132.0200
09	3.1200
09	312.0000
09	312.0000
09	3120.0000
09	3120.0000
09	31200.0000
09	31384.0000
09	315.0000
09	315.0000
09	3150.0000
09	3150.0000
09	31509.0000
09	3150900.0000
09	3160.0000
09	31600.0000
09	316.8000
09	317.8000
09	31.8000
09	318.0000
09	318.0000
09	31824.0000
09	318500.0000
09	319.1400
09	319502.5000
09	31957.2000
09	320.0000
09	320.0000
09	320.0000
09	3200.0000
09	3200.0000
09	3200.0000
09	32.1000
09	32100.0000
09	32200.0000
09	322400.0000
09	3231.0000
09	323.2800
09	323680.0000
09	324.0000
09	3240.0000
09	3250.0000
09	3266.1600
09	327.5880
09	3276.0000
09	329101.5000
09	32960.0000
09	330.0000
09	330.0000
09	330.0000
09	330.0000
09	330.0000
09	3300.0000
09	33087.6000
09	3312.0000
09	3315.0000
09	3322.5000
09	334.5000
09	3345.3000
09	3348.0000
09	335.9700
09	33.6000
09	33.6000
09	3360.0000
09	3360.0000
09	3360.0000
09	336092.8000
09	336.5000
09	3365.0000
09	337.1500
09	3375.0000
09	33760.0000
09	33830.0000
09	338350.0000
09	339.2000
09	33936.0000
09	34.0000
09	340.0000
09	340.0000
09	3400.0000
09	34008.0000
09	340.2000
09	341.7000
09	342.0000
09	3420.0000
09	3428940.9000
09	34372.8000
09	3440.0000
09	3445.0000
09	345.0000
09	345.0000
09	345.0000
09	3450.0000
09	34500.0000
09	345.6000
09	34560.0000
09	345600.0000
09	346.5000
09	34656.0000
09	347.3400
09	347.4000
09	3477.6000
09	34900.0000
09	349650.0000
09	35.0000
09	350.0000
09	350.0000
09	35000.0000
09	350000.0000
09	350200.0000
09	35.1000
09	351.0000
09	35100.0000
09	3513.6000
09	351.7700
09	351.7700
09	351.7700
09	351.7700
09	352.0000
09	3535.2800
09	353574.9000
09	354.0000
09	354414.0000
09	3547930.1000
09	355200.0000
09	355.3200
09	3553.2000
09	355.6800
09	356.4000
09	357.0000
09	3572.1000
09	3575.0000
09	357.6000
09	3578.4000
09	358.0000
09	358.3200
09	358.5600
09	36.0000
09	36.0000
09	36.0000
09	36.0000
09	36.0000
09	360.0000
09	360.0000
09	360.0000
09	3600.0000
09	3600.0000
09	3600.0000
09	3600.0000
09	3600.0000
09	36000.0000
09	3600.5000
09	360.4000
09	3627684.0000
09	3635.0000
09	364000.0000
09	3648.0000
09	3650.0000
09	365.1000
09	3651.1200
09	3654.0000
09	36.6000
09	368.2500
09	368400.0000
09	36864.0000
09	3690.0000
09	3697.9000
09	370.0000
09	3700.0000
09	371.2800
09	3720.0000
09	3734.6400
09	3744.9000
09	37.5000
09	37.5000
09	3753.6000
09	37584.0000
09	3763.2000
09	376.5000
09	377.2800
09	378.0000
09	378.0000
09	3780.0000
09	378.9000
09	37.9000
09	37900.0000
09	3794.4000
09	379500.0000
09	38.0000
09	380.0000
09	380.0000
09	380.0000
09	3800.0000
09	38000.0000
09	38024.0000
09	38080.0000
09	38.1600
09	3819231.0000
09	382.1400
09	3824.0000
09	3830.4000
09	383.5000
09	383.6000
09	384.0000
09	3840.0000
09	384.4800
09	3844.8000
09	385.0000
09	385.0000
09	386.1000
09	38655.5000
09	386.8800
09	387.0000
09	387.0000
09	38790.0000
09	388.0000
09	388.0000
09	3880.0000
09	3880.0000
09	38856.0000
09	39.0000
09	39.0000
09	390.0000
09	3900.0000
09	39000.0000
09	3900.8000
09	391.0000
09	39100.0000
09	392.0000
09	3920.0000
09	392000.0000
09	3930.0000
09	3932.4000
09	393.6240
09	3937.2000
09	394560.0000
09	39473.2500
09	396.0000
09	3960.0000
09	39600.0000
09	39600.0000
09	39680.0000
09	39708.0000
09	39750.0000
09	3976.0000
09	3978.0000
09	399000.0000
09	39959.2000
09	4.0000
09	4.0000
09	4.0000
09	4.0000
09	4.0000
09	4.0000
09	4.0000
09	40.0000
09	40.0000
09	40.0000
09	400.0000
09	400.0000
09	40000.0000
09	40000.0000
09	40000.0000
09	40000.0000
09	4001.4000
09	40014.0000
09	4015.2000
09	40188.6000
09	402600.0000
09	4035.0000
09	4035.0000
09	4038.0000
09	404.8000
09	40.5000
09	405.0000
09	40545.0000
09	4060.0000
09	40644.5000
09	40657.5000
09	4075.0000
09	4080.0000
09	40815640.0000
09	4082.4000
09	40872.0000
09	40878.8800
09	409.5000
09	4095.0000
09	409704.7500
09	4099.6800
09	41.0000
09	410.0000
09	4108.8000
09	41160.0000
09	41200.0000
09	412.2000
09	4127.7600
09	412800.0000
09	4130.0000
09	4132.8000
09	414.0000
09	4143154.4000
09	415.0000
09	415.0000
09	4160.0000
09	416000.0000
09	4172.4000
09	417.5000
09	41.8500
09	419.8000
09	420.0000
09	420.0000
09	420.0000
09	420.0000
09	420.0000
09	420.0000
09	420.0000
09	420.0000
09	4200.0000
09	4200.0000
09	4200.0000
09	4200.0000
09	4200.0000
09	42000.0000
09	4204.5000
09	420.5000
09	4212.0000
09	42150.0000
09	42206.4000
09	422.5000
09	423.0000
09	4233.6000
09	424.0000
09	424.0000
09	424.0000
09	4240.0000
09	424460.7700
09	424.8000
09	4250.0000
09	425474.7000
09	4261.2000
09	4262.4000
09	426.6000
09	427.5000
09	4275.0000
09	4276.0000
09	42.9000
09	4290.0000
09	429.3000
09	4296.0000
09	429867.0000
09	4309.2000
09	431.8200
09	43.2000
09	432.0000
09	432.0000
09	432.0000
09	432.0000
09	43200.0000
09	432060.0000
09	43344.0000
09	433725.0000
09	4338.0000
09	4340.0000
09	435.0000
09	43500.0000
09	435.6000
09	4360.0000
09	4377.6000
09	43800.0000
09	43868.1600
09	43920.0000
09	440.0000
09	440.0000
09	440.0000
09	4400.0000
09	4400.0000
09	441.0000
09	442.0000
09	4425.0000
09	44370.4000
09	44379.6000
09	44.4000
09	44.4000
09	44.4000
09	444.0000
09	444.0000
09	444.0000
09	44500.0000
09	445.1750
09	447.0000
09	4470.0000
09	4472.8200
09	447.5000
09	447850.0000
09	449.4000
09	44987.2500
09	45.0000
09	45.0000
09	450.0000
09	450.0000
09	450.0000
09	450.0000
09	450.0000
09	4500.0000
09	4500.0000
09	4500.0000
09	45000.0000
09	450.5000
09	450583.0000
09	4509825.0000
09	45112805.0000
09	4512.5000
09	451.5000
09	451.8000
09	4536.0000
09	454.5000
09	454960.0000
09	455.0000
09	4557.6000
09	456.0000
09	45600.0000
09	457.4000
09	4585.0000
09	4590.0000
09	459.8400
09	460.3500
09	460.8000
09	46109.7200
09	462.0000
09	46472.8000
09	464.8500
09	46.5000
09	465.0000
09	46613.6000
09	46.6200
09	46623.1500
09	46740.0000
09	4679880.0000
09	4680.0000
09	469.0000
09	469.8000
09	47.0000
09	4714.5000
09	471.8400
09	473.0000
09	47391.5000
09	475.0000
09	4751.0000
09	47635.0000
09	47700.0000
09	4774.0000
09	477501.4750
09	4783.5500
09	478.4000
09	47996.0000
09	48.0000
09	48.0000
09	480.0000
09	480.0000
09	480.0000
09	4800.0000
09	4800.0000
09	48000.0000
09	4802.0000
09	4804.8000
09	481.8000
09	4830.0000
09	4840.0000
09	48400.0000
09	4849950.0000
09	48.5000
09	4850.0000
09	48600.0000
09	486460.8000
09	48655.0000
09	4870.2000
09	488000.0000
09	4885.0000
09	48926.2800
09	48947.5000
09	49.0000
09	490.0000
09	493.6000
09	4944838.6200
09	495.0000
09	4953.6000
09	49600.0000
09	496655.0000
09	4968.0000
09	497.0000
09	49875.0000
09	49900.0000
09	50.0000
09	50.0000
09	50.0000
09	50.0000
09	500.0000
09	500.0000
09	500.0000
09	5000.0000
09	50274.0000
09	502.8000
09	5032.8000
09	503.8800
09	50.4000
09	504.0000
09	5040.0000
09	5040544.0000
09	50414.0000
09	5070.6000
09	5078.7000
09	5079.9000
09	5088000.0000
09	510.0000
09	510.0000
09	510866.5000
09	51.1500
09	511.5000
09	51452.8000
09	5148.0000
09	5150.0000
09	5152.0000
09	51.6000
09	518.4000
09	5184.0000
09	520.0000
09	520.0000
09	5200.0000
09	520.0200
09	5201.4000
09	520645.5000
09	5208475.0000
09	521.8200
09	5225.0000
09	5242.5000
09	524.8000
09	525.0000
09	525.0000
09	528.0000
09	5280.0000
09	5292.0000
09	5299.0000
09	5300.0000
09	530.1000
09	530.1000
09	5305.5000
09	53100.0000
09	532.0000
09	5320.0000
09	5328.0000
09	534.0000
09	5340.0000
09	53.4600
09	535.0000
09	53568.0000
09	536.0000
09	5360.0000
09	53700.3600
09	53700.3600
09	537.4200
09	53746000.0000
09	53948.0000
09	54.0000
09	54.0000
09	540.0000
09	540.0000
09	540.0000
09	540.0000
09	540.0000
09	540.0000
09	540.0000
09	540.0000
09	540.0000
09	5400.0000
09	5400.0000
09	54000.0000
09	54000.0000
09	54000.0000
09	542.3000
09	542.4000
09	5430.0000
09	5449125.5000
09	545.4000
09	54.6000
09	54671.0000
09	54.7200
09	55.0000
09	550.0000
09	55056.0000
09	55.2000
09	5520.0000
09	5520.0000
09	55200.0000
09	5521.6000
09	55277.8800
09	553.1800
09	5558.0000
09	5577.0000
09	5580.0000
09	5580.0000
09	55860.0000
09	558.9000
09	560.0000
09	560.0000
09	5600.0000
09	5600.0000
09	561.0000
09	561.6000
09	561.6000
09	5619.6000
09	562.5000
09	5637.6000
09	566.8000
09	567.0000
09	567.0000
09	5678.4000
09	5680.0000
09	56871.0000
09	568.8000
09	56929.4400
09	57.0000
09	570.0000
09	571.8900
09	572.0000
09	573.3600
09	57420.0000
09	57456.0000
09	574575.0000
09	575.0000
09	5756.2400
09	575.7000
09	576.0000
09	5760.0000
09	57713.1300
09	5775.0000
09	578.0000
09	57810.0000
09	57.9000
09	579.0000
09	57973.1600
09	58.0000
09	5800.0000
09	580.5000
09	580.5000
09	580905.0000
09	58.1000
09	5814.7200
09	582.0000
09	584.0000
09	585.0000
09	585.0000
09	586.0500
09	5862.5000
09	586560.0000
09	587500.0000
09	589.0000
09	5896.0000
09	590.0000
09	591.0000
09	5910.0000
09	5913.3000
09	5920.0000
09	594.0000
09	594.0000
09	594.0000
09	594.0000
09	596.0000
09	597.6000
09	5980747.5000
09	5987.5200
09	599.0000
09	599.0000
09	599.0000
09	6.0000
09	60.0000
09	60.0000
09	60.0000
09	60.0000
09	60.0000
09	60.0000
09	60.0000
09	600.0000
09	600.0000
09	600.0000
09	600.0000
09	6000.0000
09	6000.0000
09	60000.0000
09	6018.0000
09	603.0000
09	604.2000
09	605.0000
09	60.6600
09	609.0000
09	609525.0000
09	6112.8000
09	612.0000
09	612.0000
09	612.0000
09	612.0000
09	612.0000
09	613.8000
09	61472.0000
09	615.0000
09	615.0000
09	618.0000
09	618370.5000
09	61880.0000
09	619.2000
09	6192427.5000
09	62000.0000
09	62010.0000
09	62118.0000
09	623.2800
09	623.7500
09	6240.0000
09	62400.0000
09	62400.0000
09	6255.0000
09	62559.3600
09	6258.2400
09	628045.0000
09	63.0000
09	63.0000
09	630.0000
09	630.0000
09	630.0000
09	630.0000
09	6300.0000
09	6300.0000
09	6310.0000
09	63.1800
09	632.0000
09	6320.0000
09	632.8000
09	63360.0000
09	633600.0000
09	6337717.2000
09	63.5000
09	63.5000
09	6350.0000
09	635895.9000
09	6360.0000
09	6363.0000
09	637000.0000
09	64.0000
09	640.8000
09	641.7600
09	64310.4000
09	6432.0000
09	6432.0000
09	6435.0000
09	6435.0000
09	6450.0000
09	6451.5000
09	6457.5000
09	647906.8050
09	64.8000
09	648.0000
09	648.0000
09	648.0000
09	6480.0000
09	64855.0000
09	648.9600
09	6491.5200
09	6492.0000
09	65.0000
09	65.0000
09	650.0000
09	650.0000
09	651982.5000
09	652740.0000
09	6535420.5000
09	654.0000
09	654400.0000
09	65568.0000
09	657.7200
09	65773.2500
09	65800.0000
09	6580.8000
09	6588.0000
09	6590.0000
09	659.2000
09	66.0000
09	660.0000
09	660.0000
09	660.0000
09	660.0000
09	6600.0000
09	660.9600
09	6609.6000
09	66150.0000
09	6627.2000
09	6630.0000
09	6656.0000
09	666.0000
09	666942.6150
09	669.6000
09	6697.4400
09	67.2000
09	672.0000
09	672064.7500
09	6724.2000
09	673.9200
09	675.0000
09	67500.0000
09	67558.4000
09	679.0000
09	68.0000
09	6800.0000
09	680.1500
09	680.2000
09	680.2000
09	680.2000
09	68059.8000
09	681600.0000
09	682.0000
09	6820.0000
09	682.2000
09	682.2000
09	68250.0000
09	6831.0000
09	6839840.0000
09	684.0000
09	6862.5000
09	6880.0000
09	6890.0000
09	690.0000
09	6900.0000
09	6900.0000
09	69000.0000
09	691.2000
09	691.2000
09	6916.8000
09	6929.7500
09	693.6000
09	695088.0000
09	695.7600
09	696.0000
09	6960.0000
09	697.2000
09	6987.4000
09	699.6000
09	699728.0000
09	700.0000
09	700.0000
09	700.0000
09	7000.0000
09	7000.0000
09	7000.0000
09	700.8000
09	702.0000
09	70291.9800
09	7035.0000
09	705.0000
09	70.5500
09	705.6000
09	7060.5000
09	7067.0000
09	70716.0000
09	708.0000
09	708.0000
09	7100.0000
09	7130.0000
09	7140.0000
09	716.0000
09	7164300.0000
09	71.7000
09	71.9600
09	72.0000
09	72.0000
09	72.0000
09	720.0000
09	720.0000
09	720.0000
09	720.0000
09	720.0000
09	7200.0000
09	7200.0000
09	7200.0000
09	7200.0000
09	7200.0000
09	72000.0000
09	7204380.0000
09	720.7200
09	72095.2000
09	72100.0000
09	72.4000
09	7250.0000
09	72576.0000
09	7260.0000
09	7290.0000
09	729.6000
09	730.0000
09	73125.0000
09	73.2000
09	732.0000
09	734.4000
09	7350.0000
09	74.0000
09	740.0000
09	740.0000
09	740.0000
09	740.0000
09	740.0000
09	740.0000
09	7400.0000
09	74000.0000
09	741.6000
09	7416.0000
09	742782.2400
09	74.4000
09	745.0000
09	74.7000
09	747.4000
09	748.0000
09	748.2000
09	749.0000
09	75.0000
09	75.0000
09	750.0000
09	750.0000
09	750.0000
09	750.0000
09	750.0000
09	7500.0000
09	7500.0000
09	75000.0000
09	752.0000
09	7535.9000
09	755.4000
09	756.0000
09	759825.0000
09	76.0000
09	760.0000
09	7600.0000
09	7602.0000
09	7610.0000
09	76185.6000
09	76446.4000
09	770.0000
09	77000.0000
09	77400.0000
09	77600.0000
09	777.0000
09	7790.1000
09	78.0000
09	780.0000
09	78000.0000
09	78000.0000
09	7801.9200
09	7850.0000
09	787.0000
09	78.7200
09	7880.0000
09	78.9000
09	7896.0000
09	790.0200
09	79005.0000
09	7905.6000
09	790.7700
09	792.0000
09	792.0000
09	792.0000
09	79200.0000
09	79200.0000
09	7969.2000
09	7973.0000
09	7973.2800
09	798.0000
09	79800.0000
09	798528.0000
09	7986600.0000
09	7990.0000
09	7990.0000
09	79.9200
09	80.0000
09	80.0000
09	80.0000
09	80.0000
09	8000.0000
09	80000.0000
09	80004.0000
09	8006.5800
09	803.0000
09	8035.2000
09	8035.2000
09	803.8800
09	80.5000
09	80500.0000
09	8060.0000
09	806092.5600
09	80640.0000
09	806798.2500
09	807.5000
09	807.5000
09	81.0000
09	810.0000
09	810.0000
09	810.0000
09	8100.0000
09	8100.0000
09	813101.8500
09	81396.0000
09	8151.0000
09	815.5200
09	81.6000
09	819.0000
09	819.0000
09	8190.0000
09	820.0000
09	820.0000
09	820.0000
09	820.0000
09	82350.0000
09	8240.0000
09	8250.0000
09	8256.0000
09	828.0000
09	82800.0000
09	829932.0000
09	833.2500
09	835.6000
09	8.4000
09	8.4000
09	84.0000
09	84.0000
09	840.0000
09	840.0000
09	8400.0000
09	84000.0000
09	84000.0000
09	84016.8000
09	84091172.3000
09	843.6500
09	84397.5000
09	8450.0000
09	845136.0000
09	845246.6880
09	84546.0000
09	845.5000
09	84.6000
09	84.6000
09	846.0000
09	8467.2000
09	8469.0000
09	847470.0000
09	8476122.0000
09	84891.5200
09	849.6000
09	85.0000
09	85.0000
09	8500.0000
09	85000.0000
09	852.0000
09	852.0000
09	8520.0000
09	85330.0000
09	855.0000
09	8556.0000
09	8600.0000
09	8600.0000
09	860.7000
09	8607.0000
09	86071.8600
09	861.0000
09	861.0000
09	86266.8900
09	8628160.0000
09	86.4000
09	864.0000
09	867.2400
09	8685.0000
09	8690.0000
09	8694.0000
09	870.0000
09	87000.0000
09	871055.0000
09	87250.0000
09	8740.0000
09	874307.3000
09	8745.0000
09	87.5000
09	87520.0000
09	876520.8000
09	87733.8000
09	8775.0000
09	87.8000
09	879.0000
09	88.0000
09	88.0000
09	8800.0000
09	880232.0000
09	880.8000
09	88164.1200
09	8826.0900
09	88500.0000
09	885343.5000
09	88700.4000
09	890.0000
09	890.0000
09	89050.0000
09	89100.0000
09	8922.0600
09	89328.0000
09	89411.0000
09	894.2400
09	8950.5000
09	895.3400
09	89.8500
09	899.0000
09	8992.5000
09	8996.4000
09	90.0000
09	90.0000
09	90.0000
09	900.0000
09	900.0000
09	900.0000
09	900.0000
09	900.0000
09	900.0000
09	900.0000
09	9000.0000
09	9000.0000
09	9000.0000
09	90000.0000
09	900.9000
09	90.1800
09	906.0000
09	906984.0000
09	907.2000
09	90999.0500
09	911356.2500
09	912.0000
09	9133414.9500
09	914.8000
09	91.5240
09	917.0000
09	91.8000
09	9180.0000
09	919.0800
09	92.0000
09	920.0000
09	920.0000
09	92030.4000
09	922.2000
09	92225.0000
09	92.2500
09	922.8800
09	9230.4000
09	924.0000
09	926.2500
09	930.0000
09	9300.0000
09	930.8000
09	9345.6000
09	936.0000
09	936.7000
09	937.0000
09	937.5000
09	940.0000
09	940.0000
09	940.0000
09	9416.0000
09	9424.0000
09	9432.7200
09	943.5000
09	944.0000
09	9458.1000
09	95.0000
09	950.4000
09	950.4000
09	950.4000
09	950.4000
09	952.0000
09	9525.0000
09	9535.4000
09	956691.5000
09	956.8000
09	95.7600
09	95.8800
09	958.8000
09	959.0000
09	960.0000
09	960.0000
09	960.1200
09	96100.0000
09	9622.8000
09	96.2500
09	9632.0000
09	96451.1900
09	9646.5000
09	9655529.2500
09	966.0000
09	9672.0000
09	967525.0000
09	968.0000
09	9680.0000
09	9715.0000
09	97.2000
09	9725220.0000
09	972.6000
09	9732.0000
09	97.5000
09	975.0000
09	97878.2400
09	980.0000
09	980.0000
09	980.0000
09	980.0000
09	9810.0000
09	98.4000
09	9850.0000
09	988.0000
09	9892.8000
09	99.0000
09	991.2000
09	991.2000
09	992.0000
09	993.6000
09	993.6000
09	99.6000
09	997600.0000
09	9984.0000
10	
10	
10	
10	
10	
10	
10	
10	
10	
10	
10	
10	
10	
10	0.0000
10	0.0000
10	0.0000
10	0.0000
10	0.0000
10	0.0000
10	0.0000
10	0.0000
10	0.0000
10	0.0000
10	0.0000
10	0.0000
10	0.0000
10	0.0000
10	0.0000
10	0.0000
10	0.0000
10	0.0000
10	0.0000
10	0.0000
10	0.0000
10	0.0000
10	0.0000
10	0.0000
10	0.0000
10	0.0000
10	0.0000
10	0.0000
10	0.0000
10	0.0000
10	0.0000
10	0.0000
10	0.0000
10	0.0000
10	0.0000
10	0.0000
10	0.0000
10	0.0000
10	0.0000
10	0.0000
10	0.0000
10	0.0000
10	0.0000
10	0.0000
10	0.0000
10	0.0000
10	0.0000
10	0.0000
10	0.0000
10	0.0000
10	0.0000
10	0.0000
10	0.0000
10	0.0000
10	0.0000
10	0.0000
10	0.0000
10	0.0000
10	0.0000
10	0.0000
10	0.0000
10	0.0000
10	0.0000
10	0.0000
10	0.0000
10	0.0000
10	0.0000
10	0.0000
10	0.0000
10	0.0000
10	0.0000
10	0.0000
10	0.0000
10	0.0000
10	0.0000
10	0.0000
10	0.0000
10	0.0000
10	0.0000
10	0.0000
10	0.0000
10	0.0000
10	0.0000
10	0.0000
10	0.0000
10	0.0000
10	0.0000
10	0.0000
10	0.0000
10	0.0000
10	0.0000
10	0.0000
10	0.0000
10	0.0000
10	0.0000
10	0.0000
10	0.0000
10	0.0000
10	0.0000
10	0.0000
10	0.0000
10	0.0000
10	0.0000
10	0.0000
10	0.0000
10	0.0000
10	0.0000
10	0.0000
10	0.0000
10	0.0000
10	0.0000
10	0.0000
10	0.0000
10	0.0000
10	0.0000
10	0.0000
10	0.0000
10	0.0000
10	0.0000
10	0.0000
10	0.0000
10	0.0000
10	0.0000
10	0.0000
10	0.0000
10	0.0000
10	0.0000
10	0.0000
10	0.0000
10	0.0000
10	0.0000
10	0.0000
10	0.0000
10	0.0000
10	0.0000
10	0.0000
10	0.0000
10	0.0000
10	0.0000
10	0.0000
10	0.0000
10	0.0000
10	0.0000
10	0.0000
10	0.0000
10	0.0000
10	0.0000
10	0.0000
10	0.0000
10	0.0000
10	0.0000
10	0.0000
10	0.0000
10	0.0000
10	0.0000
10	0.0000
10	0.0000
10	0.0000
10	0.0000
10	1.0000
10	1.0000
10	1.0000
10	1.0000
10	1.0000
10	1.0000
10	1.0000
10	1.0000
10	1.0000
10	1.0000
10	1.0000
10	1.0000
10	1.0000
10	1.0000
10	1.0000
10	1.0000
10	1.0000
10	1.0000
10	1.0000
10	1.0000
10	1.0000
10	1.0000
10	1.0000
10	1.0000
10	1.0000
10	1.0000
10	1.0000
10	1.0000
10	1.0000
10	1.0000
10	1.0000
10	1.0000
10	1.0000
10	1.0000
10	1.0000
10	1.0000
10	1.0000
10	1.0000
10	1.0000
10	1.0000
10	1.0000
10	1.0000
10	1.0000
10	1.0000
10	1.0000
10	1.0000
10	1.0000
10	1.0000
10	1.0000
10	1.0000
10	1.0000
10	1.0000
10	1.0000
10	1.0000
10	1.0000
10	1.0000
10	1.0000
10	1.0000
10	1.0000
10	1.0000
10	1.0000
10	1.0000
10	1.0000
10	1.0000
10	1.0000
10	1.0000
10	1.0000
10	1.0000
10	1.0000
10	1.0000
10	1.0000
10	1.0000
10	1.0000
10	1.0000
10	1.0000
10	1.0000
10	1.0000
10	1.0000
10	1.0000
10	1.0000
10	1.0000
10	1.0000
10	10.0000
10	10.0000
10	10.0000
10	10.0000
10	10.0000
10	10.0000
10	10.0000
10	10.0000
10	10.0000
10	10.0000
10	10.0000
10	10.0000
10	10.0000
10	10.0000
10	10.0000
10	10.0000
10	10.0000
10	10.0000
10	10.0000
10	10.0000
10	100.0000
10	100.0000
10	100.0000
10	100.0000
10	1000.0000
10	1000.0000
10	1000.0000
10	10000.0000
10	1000000.0000
10	10035.0000
10	100.5000
10	1008.0000
10	101250.0000
10	101.5200
10	102030.0000
10	10350.0000
10	10350.0000
10	10392.5000
10	10416.0000
10	105.0000
10	1050.0000
10	10500.0000
10	10600.0000
10	1062.0000
10	10650.0000
10	10700.0000
10	10700.0000
10	10710.0000
10	107.2400
10	10800.0000
10	1084.0000
10	10895.7700
10	109682.2700
10	10994.0000
10	11000.0000
10	11000.0000
10	110000.0000
10	11053.4000
10	1112.2200
10	11159.0000
10	1120.0000
10	11200.0000
10	11205.0000
10	11208.0000
10	11235.2400
10	112.5000
10	112842.5200
10	113572.8000
10	1140.0000
10	1140.0000
10	1142.4000
10	11424.0000
10	11424.0000
10	1150.0000
10	11500.0000
10	1153.2500
10	11553.9500
10	115.5500
10	115900.0000
10	116000.0000
10	116406.0000
10	1170.0000
10	11700.0000
10	11700.0000
10	1173.2400
10	11744.0000
10	117500.0000
10	1180.0000
10	118116.0000
10	118500.0000
10	1190.0000
10	11920.0000
10	119250.0000
10	1198.0000
10	12.0000
10	12.0000
10	12.0000
10	12.0000
10	120.0000
10	120.0000
10	120.0000
10	120.0000
10	120.0000
10	120.0000
10	120.0000
10	120.0000
10	1200.0000
10	1200.0000
10	1200.0000
10	12000.0000
10	12000.0000
10	1202.1600
10	12037.5000
10	12100.0000
10	121000.0000
10	121200.0000
10	1214.7000
10	121594.3200
10	12208.0000
10	122400.0000
10	12299.5000
10	12315.0000
10	1234965.0000
10	12400.0000
10	12500.0000
10	1260.0000
10	12600.0000
10	12600.0000
10	1264.8000
10	1280.0000
10	1280.0000
10	1280.0000
10	128000.0000
10	1285.0500
10	12950.0000
10	13.0000
10	13.0000
10	1300.0000
10	130911.7500
10	13141.0000
10	13150.0000
10	1320.0000
10	1320.0000
10	13252.5000
10	132.9600
10	13300.0000
10	1330000.0000
10	133491.6000
10	13504.0000
10	1353.0000
10	13557.6000
10	1360.0000
10	137.7500
10	137.7500
10	137.7500
10	1380.0000
10	138000.0000
10	1384.0000
10	13875.0000
10	13915.0000
10	13940.0000
10	139500.0000
10	14.0000
10	14000.0000
10	14093.0000
10	1410.0000
10	14150.0000
10	142560.0000
10	1428.0000
10	1439.9200
10	144.0000
10	1443.2500
10	1447.1500
10	1447.7000
10	1448.8000
10	1450.0000
10	145.1000
10	14550.0000
10	145896.0000
10	14700.0000
10	1472.0000
10	1472.0000
10	1482.0000
10	1489.8000
10	149.0000
10	1495.0000
10	1495.0000
10	149.7000
10	15.0000
10	15.0000
10	15.0000
10	15.0000
10	15.0000
10	15.0000
10	15.0000
10	15.0000
10	150.0000
10	150.0000
10	150.0000
10	1500.0000
10	1500.0000
10	1500.0000
10	1500.0000
10	15000.0000
10	15000.0000
10	15000.0000
10	15015.6800
10	15021.7200
10	154.0000
10	154500.0000
10	1550.0000
10	15600.0000
10	15636.0000
10	1575.5000
10	15800.0000
10	1589.2000
10	159000.0000
10	1590910.9500
10	16.0000
10	16.0000
10	16.0000
10	16.0000
10	1600.0000
10	1600.0000
10	1600.0000
10	1600.0000
10	160000.0000
10	1619.2000
10	1619.2000
10	1619.2000
10	1620.0000
10	162.5000
10	162.5000
10	1632.4000
10	16434.0000
10	1650.0000
10	1654.5500
10	165.6000
10	16872.0000
10	169.1700
10	169200.0000
10	1697.7600
10	1702.8000
10	1702.8000
10	1702.8000
10	1702.8000
10	171.0000
10	171000.0000
10	1720.0000
10	17300.0000
10	1740.0000
10	174.9000
10	1749.0000
10	17490.0000
10	17500.0000
10	17550.0000
10	1765.4400
10	177000.0000
10	178000.0000
10	179.0000
10	180.0000
10	180.0000
10	180.0000
10	1800.0000
10	1800.0000
10	18000.0000
10	18000.0000
10	1810.0000
10	1816.5000
10	1816.5000
10	1816.5000
10	182800.0000
10	18350.0000
10	183.5400
10	1852.5600
10	1863.0000
10	18673.2000
10	187.5000
10	18999.8400
10	190.0000
10	1900.0000
10	1905.0000
10	1908.0000
10	19110.0000
10	19125.0000
10	1918.0000
10	19200.0000
10	1929.4000
10	1930.0000
10	1950.0000
10	19500.0000
10	195.2100
10	1956.0000
10	1970.0000
10	197250.0000
10	1977.7500
10	1980.0000
10	19890.0000
10	19950.0000
10	19955.0000
10	2.0000
10	2.0000
10	2.0000
10	2.0000
10	2.0000
10	2.0000
10	2.0000
10	2.0000
10	2.0000
10	2.0000
10	2.0000
10	2.0000
10	2.0000
10	2.0000
10	2.0000
10	2.0000
10	2.0000
10	2.0000
10	2.0000
10	2.0000
10	2.0000
10	2.0000
10	2.0000
10	2.0000
10	2.0000
10	2.0000
10	20.0000
10	20.0000
10	20.0000
10	20.0000
10	20.0000
10	20.0000
10	20.0000
10	20.0000
10	20.0000
10	20.0000
10	20.0000
10	20.0000
10	20.0000
10	20.0000
10	20.0000
10	20.0000
10	20.0000
10	20.0000
10	200.0000
10	200.0000
10	200.0000
10	200.0000
10	200.0000
10	2000.0000
10	2004.0000
10	200745.0000
10	201.1500
10	2014.3200
10	20182.5000
10	20250.0000
10	20400.0000
10	2050.0000
10	2050.0000
10	2050.0000
10	20544.0000
10	205.5000
10	2064.4000
10	2080.0000
10	20891.5200
10	2100.0000
10	2115.0000
10	21170.0000
10	2118.7500
10	21202.5600
10	213151.5000
10	21450.0000
10	2160.0000
10	21600.0000
10	2161.2500
10	217.0000
10	217.6200
10	218000.0000
10	2184000.0000
10	218888.0000
10	21948.0000
10	2199.0000
10	2200.0000
10	2200.0000
10	2200.0000
10	220.3800
10	2208.0000
10	2208.0000
10	221619.0000
10	22500.0000
10	22570.0000
10	22807.5000
10	22878.0000
10	22959.8400
10	23000.0000
10	23000.0000
10	23400.0000
10	23400.0000
10	2349.0000
10	2350.0000
10	23688.0000
10	23699565.9000
10	237.0000
10	2379.3600
10	2390.0000
10	239400.0000
10	239520.0000
10	24.0000
10	24.0000
10	24.0000
10	2400.0000
10	24000.0000
10	24000.0000
10	2413.6000
10	24200.0000
10	243.0000
10	24.4000
10	2450.0000
10	245000.0000
10	2457.0000
10	2461.0000
10	24724.8000
10	247700.0000
10	248500.0000
10	2485.6000
10	24899.5200
10	25.0000
10	25.0000
10	250.0000
10	250.0000
10	2500.0000
10	2500.0000
10	2502.0000
10	25200.0000
10	25200.0000
10	253050.0000
10	2532.0000
10	253.8000
10	253.8000
10	25500.0000
10	2580.0000
10	25875.0000
10	260.0000
10	2610.0000
10	26200.0000
10	26250.0000
10	2631.0000
10	26400.0000
10	26656.0000
10	270000.0000
10	2712.0000
10	272680.0000
10	2750.0000
10	27754.6500
10	2800.0000
10	2800.0000
10	2820.0000
10	282756.3000
10	2835.0000
10	2835.0000
10	2870.1000
10	28800.0000
10	28800.0000
10	2892.2800
10	291.9400
10	2922.0000
10	2931.0000
10	2966.0000
10	297998.0000
10	29992.0000
10	29996.4000
10	3.0000
10	3.0000
10	3.0000
10	3.0000
10	3.0000
10	3.0000
10	3.0000
10	3.0000
10	3.0000
10	30.0000
10	30.0000
10	30.0000
10	30.0000
10	30.0000
10	30.0000
10	30.0000
10	30.0000
10	30.0000
10	30.0000
10	300.0000
10	300.0000
10	300.0000
10	300.0000
10	300.0000
10	300.0000
10	3000.0000
10	3000.0000
10	30000.0000
10	30000.0000
10	303123.3600
10	3035.9500
10	3038.4000
10	30490.0000
10	30492.0000
10	3054.5500
10	30600.0000
10	3080.0000
10	309.9000
10	310.0000
10	3100.0000
10	3100.0000
10	31000.0000
10	3102.0000
10	3150.0000
10	31647.6700
10	31650.0000
10	31999.1000
10	32000.0000
10	3213.0000
10	3222.0000
10	3226.0000
10	324.5000
10	326.1000
10	32760.0000
10	3292.0000
10	32981.0000
10	3300.0000
10	33000.0000
10	33000.0000
10	33210.0000
10	33400.0000
10	33400.0000
10	3347.6000
10	33500.0000
10	3354.2600
10	336.0000
10	33728.0000
10	337902.9100
10	3392.0000
10	3446.5000
10	344.7000
10	345.0000
10	3450.0000
10	3497.9200
10	350.0000
10	35000.0000
10	35000.0000
10	3508.0000
10	3519.0000
10	35200.0000
10	3525.0000
10	352950.0000
10	3540.0000
10	3540.0000
10	3559.5000
10	3560.0000
10	3560.0000
10	356.7000
10	3595.1200
10	359.9800
10	36.0000
10	36.0000
10	36.0000
10	36.0000
10	360.0000
10	36000.0000
10	36000.0000
10	36000.0000
10	3640.0000
10	36400.0000
10	36.7500
10	370.0000
10	37099.9993
10	373000.0000
10	374.5000
10	3750.0000
10	37500.0000
10	3762.0000
10	3765.2300
10	37700.0000
10	37900.8000
10	380.0000
10	38000.0000
10	38000.0000
10	3850.2000
10	3880.0000
10	3924.0000
10	3949999.9200
10	3960.0000
10	3960.0000
10	3960.0000
10	3960.0000
10	3960.0000
10	3960.0000
10	39818.0000
10	4.0000
10	4.0000
10	4.0000
10	4.0000
10	4.0000
10	4.0000
10	4.0000
10	4.0000
10	4.0000
10	4.0000
10	4.0000
10	4.0000
10	4.0000
10	4.0000
10	4.0000
10	40.0000
10	40.0000
10	40.0000
10	40.0000
10	40.0000
10	40.0000
10	40.0000
10	400.0000
10	400.0000
10	4000.0000
10	400050.0000
10	4002.6000
10	402000.0000
10	4030.9000
10	403500.0000
10	40500.0000
10	4080.0000
10	4080.4500
10	408.9000
10	4100.0000
10	4100.0000
10	41080.0000
10	41240.0000
10	4127.9500
10	41300.0000
10	4136.0000
10	4136.0000
10	4142.0000
10	419.4000
10	4200.0000
10	42000.0000
10	425.0000
10	42500.0000
10	4250.4000
10	4268.0000
10	42.6900
10	43050.0000
10	43200.0000
10	4343.0000
10	434700.0000
10	43.5000
10	43500.0000
10	4352.0000
10	43560.0000
10	44000.0000
10	44000.0000
10	4410.0000
10	44100.0000
10	44270.0000
10	442700.0000
10	4440.0000
10	44400.0000
10	44448.0000
10	446.4000
10	4473.0000
10	44750.0000
10	45.0000
10	450.0000
10	4500.0000
10	45000.0000
10	45000.0000
10	4500.6000
10	45360.0000
10	45510.0000
10	4572.0000
10	4597.8000
10	4598.0000
10	46200.0000
10	4640.0000
10	4644.0000
10	46599.1000
10	4668.0000
10	468000.0000
10	4690.8000
10	46950.0000
10	46988.1800
10	470.0000
10	4720.0000
10	47221.6800
10	4740.0800
10	47760.0000
10	4780.0000
10	480.0000
10	480.0000
10	4800.0000
10	48000.0000
10	48400.0000
10	4842.0000
10	486.8000
10	487500.0000
10	487.5800
10	4878.6000
10	4878.6000
10	4900.0000
10	49199.8000
10	4920.0000
10	49700.0000
10	497.4900
10	49853.2600
10	4990.0000
10	5.0000
10	5.0000
10	5.0000
10	5.0000
10	5.0000
10	5.0000
10	5.0000
10	50.0000
10	50.0000
10	50.0000
10	50.0000
10	50.0000
10	50.0000
10	50.0000
10	50.0000
10	50.0000
10	50.0000
10	50.0000
10	500.0000
10	5000.0000
10	504500.0000
10	505.7900
10	50800.0000
10	50935.0000
10	5100.0000
10	5100.0000
10	51300.0000
10	5150.0000
10	51800.0000
10	52000.0000
10	5220.0000
10	52290.0000
10	5248.0000
10	52480.0000
10	5264.0000
10	5264.0000
10	5275.0000
10	52800.0000
10	53000.0000
10	53418.0000
10	53600.0000
10	5370.0000
10	541.2500
10	5440.0000
10	5442.0000
10	5460.0000
10	548132.5500
10	55.0000
10	55159.3700
10	55294.9500
10	556500.0000
10	5590.0000
10	5600.0000
10	5622.7000
10	5625.0000
10	5631.0000
10	56700.0000
10	56710.4000
10	569.9700
10	569.9700
10	569.9700
10	5705.1000
10	57070.0000
10	57330.0000
10	57480.0000
10	57579.5000
10	575.9200
10	5775.0000
10	58000.0000
10	58000.0000
10	58185.0000
10	583.4000
10	5845.5000
10	58885.3500
10	5892.0000
10	5920.0000
10	5940.0000
10	596.0000
10	5960.0000
10	59750.0000
10	5976.0000
10	5978.7000
10	598.0000
10	6.0000
10	6.0000
10	6.0000
10	6.0000
10	6.0000
10	6.0000
10	60.0000
10	60.0000
10	60.0000
10	60.0000
10	60.0000
10	60.0000
10	60.0000
10	60.0000
10	600.0000
10	600.0000
10	600.0000
10	600.0000
10	600.0000
10	600.0000
10	600.0000
10	600.0000
10	600.0000
10	600.0000
10	6000.0000
10	6000.0000
10	6000.0000
10	6000.0000
10	6050.0000
10	61480.0000
10	617000.0000
10	6200.0000
10	6207.5000
10	6237.0000
10	62500.0000
10	6255.9000
10	62640.0000
10	6300.0000
10	6300.0000
10	6312.0000
10	640.0000
10	640.0000
10	6420.0000
10	6456.0000
10	64619.0000
10	6477971.7700
10	6490.0000
10	65400.0000
10	6570.0000
10	657.6000
10	66500.0000
10	6690.0000
10	67000.0000
10	67000.0000
10	672.0000
10	675.0000
10	6750.0000
10	6809.4000
10	682.0800
10	6828.0000
10	683400.7500
10	68400.0000
10	68492.0000
10	686.1600
10	69371.0000
10	6940.0000
10	6948.9500
10	69632.0000
10	7.0000
10	7.0000
10	7.0000
10	7.0000
10	7.0000
10	70.0000
10	70.0000
10	70.0000
10	700.0000
10	70000.0000
10	70.2000
10	7020.0000
10	703284.0000
10	704.2500
10	70752.0000
10	70890.0000
10	71280.0000
10	713.0000
10	714.0000
10	7144.0000
10	718.8000
10	7200.0000
10	7200.0000
10	72240.0000
10	7250.0000
10	72792.0000
10	7300.0000
10	7350.0000
10	7380.0000
10	738.8000
10	7392.0000
10	74220.0000
10	7440.0000
10	7462.0000
10	75.0000
10	75.0000
10	75.0000
10	7500.0000
10	7524.0000
10	753.5100
10	7581.6000
10	759.0000
10	7650.0000
10	76642.8000
10	766.6500
10	774.9900
10	774.9900
10	774.9900
10	77616.6300
10	780.0000
10	789.3600
10	789.3900
10	792.0000
10	799000.0000
10	799.9600
10	8.0000
10	8.0000
10	8.0000
10	8.0000
10	80.0000
10	80.0000
10	80.0000
10	800.0000
10	800.0000
10	805000.0000
10	8073.0000
10	8100.0000
10	81600.0000
10	820.0000
10	8200.0000
10	821.0000
10	8280.0000
10	8284.8400
10	834.7500
10	835800.0000
10	836.0000
10	8380.0000
10	8388.0000
10	84.0000
10	840.0000
10	84000.0000
10	84000.0000
10	84.6000
10	8530.0000
10	8551.7800
10	857196.9000
10	85900.0000
10	860.0000
10	8640.0000
10	8665.0000
10	87072.0000
10	88000.0000
10	88.5000
10	88.5000
10	88.5000
10	8900.0000
10	8901.0000
10	89050.0000
10	89.4700
10	8950.0000
10	896.8000
10	897.0000
10	9.0000
10	9.0000
10	9.0000
10	90.0000
10	90.0000
10	900.0000
10	900.0000
10	900.0000
10	9000.0000
10	9000.0000
10	9000.0000
10	90344.0000
10	9075.0000
10	9120.0000
10	9177.8000
10	919.9000
10	93.0000
10	9319.4000
10	9360.0000
10	945.2200
10	95.0000
10	95.0000
10	950.0000
10	950.0000
10	950.0000
10	954.0000
10	9540.0000
10	955.0000
10	955.0000
10	955.0000
10	9550.0000
10	9560.0000
10	9579.0000
10	96.0000
10	9600.0000
10	96373.2000
10	967.4700
10	968.9100
10	97.0000
10	97230.0000
10	974.6700
10	9760.0000
10	9760.0000
10	9800.0000
10	9800.0000
10	98000.0000
10	9.9000
10	990.0000
10	990.0000
10	99000.0000
10	99480.0000
10	99586.0000
13	10.0000
13	10.0000
13	10.0000
13	10.0000
13	10.0000
13	10.0000
13	10.0000
13	100.0000
13	100.0000
13	100.0000
13	100.0000
13	1097777.1700
13	16.0000
13	20.0000
13	50.0000
13	653879.8500
16	1000.0000
16	1000.0000
16	1000.0000
16	127200.0000
16	130.0000
16	17856.0000
16	2293200.0000
16	2978000.0000
16	30880.0000
16	5.0000
16	60.0000
17	10279.5000
17	11286.0000
17	11730.0000
17	120360.0000
17	13250.0000
17	14418.0000
17	147600.0000
17	14952.0000
17	16575.0000
17	19737.0000
17	1991280.1500
17	20236.8000
17	2024164.8000
17	2400382.2000
17	276120.0000
17	28560.0000
17	31510.5500
17	33930.0000
17	420000.0000
17	4635625.2000
17	480000.0000
17	610771.0200
17	6232.5000
17	7344.0000
17	7507.5000
17	7793.4000
17	800810.0000
17	86900.0000
17	97956.0500
18	
18	
18	
18	
18	
18	
18	
18	
18	
18	
18	
18	
18	
18	
18	
18	
18	
18	
18	
18	
18	
18	
18	
18	
18	
18	
18	0.0000
18	0.0000
18	0.0000
18	0.0000
18	0.0000
18	0.0000
18	0.0000
18	0.0000
18	0.0068
18	1.0000
18	1.0000
18	10.0000
18	100.0000
18	103350.0000
18	10398.4000
18	109.6000
18	110000.0000
18	111000.0000
18	1130.2000
18	11508.0000
18	1157997.7500
18	11693.0000
18	1180.0000
18	12000.0000
18	12040.0000
18	12720.0000
18	131.2000
18	139000.0000
18	14000.0000
18	145000.0000
18	1464.0000
18	150.0000
18	152.0000
18	1560.0000
18	15900.0000
18	166101.7000
18	1679.1000
18	16.8000
18	17.0000
18	1750.0000
18	1800.0000
18	1896.0000
18	19320.0000
18	198000.0000
18	198000.0000
18	2.0000
18	2.0000
18	2.0000
18	2.0000
18	2.0000
18	2.0000
18	2.0000
18	2.0000
18	2.0000
18	2.0000
18	20.0000
18	20.0000
18	20.0000
18	20.0000
18	200.0000
18	20000.0000
18	200000.0000
18	210.0000
18	21000.0000
18	21150.0000
18	216216.0000
18	2196.0000
18	2250.0000
18	226474.8000
18	22800.0000
18	235000.0000
18	23520.0000
18	239980.0000
18	24000.0000
18	2464380.0000
18	2498.0000
18	25000.0000
18	2505.0000
18	252000.0000
18	2535.0000
18	260000.0000
18	2624.1000
18	2749.9000
18	28700.0000
18	29752.8000
18	30.0000
18	3042.0000
18	31949.1000
18	330.9800
18	3417.0000
18	36.0000
18	365.4000
18	380.0000
18	38400.0000
18	3896.4800
18	40.0000
18	405.6000
18	4067.0000
18	4197.0000
18	439.2000
18	44800.0000
18	44880.0000
18	44995.5000
18	45600.0000
18	46877.5000
18	477780.0000
18	48600.0000
18	489215.8800
18	50.0000
18	500.0000
18	501288.7500
18	5100.0000
18	5160.0000
18	52.0000
18	5222.0000
18	53000.0000
18	54000.0000
18	548.0000
18	54997.5000
18	5500.0000
18	57458.7500
18	5850.0000
18	58800.0000
18	5925.0000
18	59505.6000
18	6.0000
18	60621.4000
18	62.0000
18	62400.0000
18	636000.0000
18	681.6000
18	6936.0000
18	7.0000
18	700.0000
18	704.0000
18	704.0000
18	7280.0000
18	735.3000
18	7366.5000
18	7370.0000
18	74000.0000
18	741000.0000
18	7798.0000
18	7985.2500
18	800.0000
18	80000.0000
18	82.2000
18	8345.0000
18	8498.4500
18	89000.0000
18	9000.0000
18	92000.0000
18	920.5000
18	929.5000
18	9320.0000
18	959.0000
18	96000.0000
18	9900.0000
18	9992.0000
20	10.0000
20	14260.0000
20	1694000.0000
20	18424.1500
20	19500.0000
20	233425.0500
20	24500.0000
20	26800.0000
20	27000.0000
20	36.0000
20	383600.0000
20	55000.0000
20	57000.0000
20	6.0000
20	60.0000
20	78000.0000
26	0.0100
26	11.0000
26	11.0000
26	12.0000
26	1200000.0000
26	131900.0000
26	15.0000
26	150.0000
26	16.0000
26	16.0000
26	1957785.0000
26	2.0000
26	2.0000
26	2.0000
26	2.0000
26	2.0000
26	2.0000
26	200.0000
26	204.0000
26	2090107.7800
26	25560.0000
26	3.0000
26	30.0000
26	30.0000
26	3154620.0000
26	4.0000
26	40.0000
26	45.0000
26	45.0000
26	55000.0000
26	60.0000
26	60.0000
26	60.0000
26	72.0000
26	8.0000
26	80.0000
26	87600.0000
26	90.0000
26	98036.4500
29	0.0000
29	0.0000
29	0.0000
29	0.0000
29	0.0000
29	10125.0000
29	1033561.6800
29	104638.3200
29	108000.0000
29	122748.0000
29	125864.6400
29	129349.9200
29	13025.1000
29	131290.9200
29	145000.0000
29	156575.5200
29	159537.0000
29	16471.2000
29	16707096.0000
29	168900.0000
29	17424.0000
29	176256.0000
29	180180.0000
29	18150.0000
29	1846630.4400
29	20524.8000
29	2312000.0000
29	23950.0800
29	24309.8400
29	24624.0000
29	248400.0000
29	25882.0000
29	2709.0000
29	28252.8000
29	290304.0000
29	292484.1600
29	309505.6800
29	3348.0000
29	35398.6500
29	357120.0000
29	360000.0000
29	370620.0000
29	3715.2000
29	3830.4000
29	39192.0000
29	4039.2000
29	40621.3200
29	41247.9600
29	4226.0400
29	424500.0000
29	42950.1600
29	43200.0000
29	448220.1600
29	4536.0000
29	45900.0000
29	4608.0000
29	472.8000
29	4825276.8000
29	5088.0000
29	5160.0000
29	54960.0000
29	576.0000
29	596376.0000
29	6000.0000
29	60706.8000
29	620000.0000
29	631764.0000
29	67200.0000
29	68040.0000
29	71331.8400
29	715669.2000
29	75936.0000
29	7603.2000
29	77544.0000
29	77952.0000
29	78960.0000
29	790080.0000
29	79716.0000
29	80659.0800
29	840.0000
29	883608.0000
29	94161.6000
29	982938.0000
29	98461.4400
35	10.0000
35	40.0000
37	0.0000
37	0.0000
37	0.0000
37	0.0000
37	0.0000
37	0.0000
37	0.0000
37	0.0000
37	0.0000
37	0.0000
37	0.0000
37	0.0000
37	0.0000
37	0.0000
37	0.0000
37	0.0000
37	0.0000
37	0.0000
37	0.0000
37	0.0000
37	0.0000
37	0.0000
37	0.0000
37	0.0000
37	0.0000
37	0.0000
37	0.0000
37	0.0000
37	1.0000
37	10591.0000
37	1074.0000
37	10799997.6000
37	1131040.6800
37	116500.0000
37	11760.0000
37	1183.0000
37	12.0000
37	12875.0000
37	1293.0000
37	1300.0000
37	13000.0000
37	13370.0000
37	13440.0000
37	13446.0000
37	136017.1500
37	140988.0000
37	1452.0000
37	14768.0000
37	150.0000
37	150000.0000
37	153860.3500
37	157498.7000
37	1785.0000
37	17880.0000
37	1800.0000
37	18000.0000
37	188873.2000
37	190.0000
37	19337.5000
37	1943.5000
37	19708.0000
37	19955.8200
37	2.0000
37	2.0000
37	2.0000
37	200.0000
37	20046.0000
37	2040.0000
37	2049.0000
37	2052.0000
37	21024.0000
37	21600.0000
37	225.0000
37	22980.4800
37	2310.0000
37	2329.6000
37	23657.0000
37	239000.0000
37	2398.0000
37	24000.0000
37	24440.0000
37	25365.0000
37	2640.0000
37	27000.0000
37	27000.0000
37	27120.0000
37	27297.0000
37	27742.6000
37	27900.0000
37	28700.0000
37	28821.0000
37	3.0000
37	30.0000
37	300.0000
37	300.0000
37	3066.0000
37	3066.2500
37	3160.2000
37	3210.0000
37	325500.0000
37	32720.0000
37	3433.5000
37	3444.0000
37	34650.0000
37	3505.5000
37	3528.0000
37	359.0000
37	36084.0000
37	36384.0000
37	37188.0000
37	375350.0000
37	3868.8000
37	4.0000
37	4.0000
37	4.0000
37	40500.0000
37	40800.0000
37	42070.0000
37	44055.0000
37	45000.0000
37	45300.0000
37	45360.0000
37	46550.0000
37	4935.0000
37	4935.6000
37	5004.0000
37	5030.0000
37	503499.0000
37	50675.0000
37	5100.0000
37	5328.0000
37	5382.0000
37	54826.0000
37	565200.0000
37	570000.0000
37	58000.0000
37	588.0000
37	6.0000
37	6000.0000
37	618000.0000
37	6204.0000
37	62400.0000
37	628.0000
37	641.0000
37	662.0000
37	665.0000
37	688.0000
37	6900000.0000
37	6903.6000
37	7073.7600
37	71196.4000
37	712.4000
37	723424.0000
37	7296.0000
37	73870.0000
37	7440.0000
37	770000.0000
37	772200.0000
37	78050.0000
37	81194.4000
37	8123.5000
37	82536.0000
37	82800.0000
37	833.0000
37	90.0000
37	945.0000
37	9486.0000
37	95323.8300
37	9850.0000
38	0.0000
38	0.0000
38	0.0000
38	0.0000
38	0.0000
38	0.0000
38	0.0000
38	0.0000
38	0.0000
38	0.0000
38	0.0000
38	0.0000
38	0.0000
38	0.0000
38	0.0000
38	0.0000
38	0.0000
38	0.0000
38	0.0000
38	0.0000
38	0.0000
38	0.0000
38	0.0000
38	0.0000
38	0.0000
38	0.0000
38	0.0000
38	0.0000
38	0.0000
38	0.0000
38	0.0000
38	0.0000
38	0.0000
38	0.0000
38	0.0000
38	0.0000
38	0.0000
38	0.0000
38	0.0000
38	0.0000
38	0.0000
38	0.0000
38	0.0000
38	0.0000
38	0.0000
38	0.0000
38	0.0000
38	0.0000
38	0.0000
38	0.0000
38	0.0000
38	0.0000
38	0.0000
38	1.0000
38	10.0000
38	10.0000
38	10.0000
38	10.0000
38	10.0000
38	10.0000
38	10.0000
38	10.0000
38	10.0000
38	100.0000
38	100.0000
38	100.0000
38	100.0000
38	100.0000
38	100.0000
38	1000.0000
38	1000.0000
38	10030.0000
38	10039.3500
38	10080.0000
38	10147.0000
38	1017.0000
38	1020.0000
38	10300.0000
38	1035.0000
38	104.0000
38	10413.4800
38	1050.0000
38	10740.8000
38	10770.0000
38	1080.0000
38	10800.0000
38	10800.0000
38	1084.3000
38	10848.0000
38	10890.0000
38	109629.7500
38	10985.0000
38	1102.5000
38	110250.0000
38	11112.1600
38	11120.0000
38	1112.7600
38	1120.0000
38	113100.0000
38	1146.6000
38	11520.0000
38	115949.4000
38	118000.0000
38	11812.5000
38	120.0000
38	12000.0000
38	12000.0000
38	12000.0000
38	120000.0000
38	12052.8000
38	12110.0000
38	1224.9900
38	12250.0000
38	12384.0000
38	1240.0000
38	125.0000
38	12558.0000
38	126900.0000
38	12750.0000
38	127872.4700
38	128054.5200
38	12900.0000
38	13000.0000
38	130.2000
38	130.2000
38	13050.0000
38	13072.0000
38	13100.0000
38	13100.0000
38	13200.0000
38	13202.2000
38	1327.5000
38	1331.0000
38	13376.0000
38	1350.0000
38	135.4500
38	13650.0000
38	13710.0000
38	138900.0000
38	139.2000
38	1397.5000
38	1399.2000
38	1400.0000
38	1400.0000
38	1400.0000
38	14000.0000
38	14040.0000
38	14100.0000
38	141290.0000
38	14160.0000
38	14178.0000
38	14200.0000
38	142.3500
38	142.3500
38	14250.0000
38	14350.0000
38	1440.0000
38	14500.0000
38	14700.0000
38	14720.0000
38	1476.0000
38	1480.0000
38	14810.4000
38	14883.0000
38	14896.6000
38	14950.0000
38	1496.0000
38	15.0000
38	15.0000
38	1516.5000
38	151776.0000
38	1526.0000
38	1537719.4000
38	15437.5000
38	155769.4200
38	1570.5000
38	1581.0000
38	15933.0000
38	1596.0000
38	160.0000
38	1632.0000
38	16412.5000
38	1646.4000
38	1651.2000
38	1657.5000
38	166500.0000
38	16848.0000
38	16950.0000
38	16965.0000
38	17.0000
38	1700.0000
38	17043.7500
38	1712.1600
38	172301.8500
38	17250.0000
38	1748.0000
38	17600.0000
38	176575.0000
38	1769.0400
38	177776.4000
38	17820.0000
38	178500.0000
38	1793.0000
38	18.0000
38	18000.0000
38	180720.0000
38	18240.0000
38	18400.0000
38	1850.0000
38	185250.0000
38	1860.0000
38	1880.0000
38	1880.0000
38	18900.0000
38	1896.0000
38	18960.0000
38	19350.0000
38	19550.0000
38	19635.0000
38	1968.0000
38	1976.0000
38	19795.0000
38	19800.0000
38	19885.2000
38	20.0000
38	20.0000
38	20.0000
38	20.0000
38	20.0000
38	20.0000
38	20.0000
38	200.0000
38	200.0000
38	2000.0000
38	201650.0000
38	20310.0000
38	203115.6200
38	20440.0000
38	205836.0000
38	2070.0000
38	20700.0000
38	20790.0000
38	2090.0000
38	20988.0000
38	210.0000
38	210.0000
38	210.0000
38	2100.0000
38	2100.0000
38	21000.0000
38	21045.0000
38	21060.0000
38	2116.5000
38	2130000.0000
38	21344.0000
38	214200.0000
38	21597.3000
38	21600.0000
38	2175.0000
38	22000.0000
38	22230.0000
38	2235.0000
38	2260.0000
38	2269.5000
38	2280.0000
38	22880.0000
38	2297.0200
38	2320.0000
38	23205.0000
38	232300.0000
38	23235.0000
38	23510.4000
38	236520.0000
38	23730.0000
38	2394.0000
38	240.0000
38	2400.0000
38	24000.0000
38	24000.0000
38	24.0900
38	24174.0000
38	2466.7500
38	2475.0000
38	24912.0000
38	25080.0000
38	2520.0000
38	252500.0000
38	25343.8900
38	2540.0000
38	2580.0000
38	25850.0000
38	2590.0000
38	26000.0000
38	262.5000
38	2625.0000
38	2625.0000
38	2631.6000
38	2688.0000
38	2696.4000
38	27000.0000
38	2703.7500
38	27040.0000
38	27300.0000
38	27600.0000
38	2781.0000
38	280.8000
38	2824.0000
38	28265.4000
38	2850.0000
38	28600.0000
38	2880.0000
38	28800.0000
38	288000.0000
38	28980.0000
38	2916.0000
38	29481.3400
38	29704.0000
38	3.0000
38	30.0000
38	300.0000
38	300.0000
38	300.0000
38	300.0000
38	3040.6500
38	30.5400
38	307.8000
38	30972.0000
38	310.0000
38	3100.0000
38	31010.0000
38	31.1200
38	3120.0000
38	314.6400
38	3146.4000
38	3150.0000
38	31535.0000
38	3180.0000
38	3187.5000
38	32250.0000
38	32336.0000
38	3240.0000
38	32652.7500
38	3273.6000
38	3278.5000
38	32895.0000
38	32900.0000
38	33660.0000
38	3420.0000
38	351.0000
38	352440.0000
38	35250.0000
38	35910.0000
38	360.0000
38	3605.0000
38	361881.6000
38	3626.0000
38	3640.0000
38	36400.0000
38	3648.0000
38	3672.5000
38	3690.0000
38	3700.0000
38	375.0000
38	37605.0000
38	3762.0000
38	378000.0000
38	380.0000
38	38014.8000
38	38250.0000
38	382500.0000
38	38522.0000
38	392.7000
38	3975.0000
38	3975.0000
38	4.0000
38	400.0000
38	4000.0000
38	40069.8000
38	402.0000
38	4023.0000
38	40320.0000
38	40545.0000
38	4160.0000
38	41888.0000
38	420.0000
38	42000.0000
38	4254.0000
38	42636.0000
38	4318.0000
38	432.0000
38	4384.0000
38	4395.0000
38	4400.0000
38	4464.0000
38	449421.7500
38	4503.0000
38	456.0000
38	45600.0000
38	4616.0000
38	4635.0000
38	4651.2000
38	466650.0000
38	46750.0000
38	4720.0000
38	47300.0000
38	47400.0000
38	480.0000
38	4800.0000
38	4800.0000
38	4815.0000
38	482.4000
38	482.4000
38	4857.6000
38	487.2000
38	4875.0000
38	49390.0000
38	50.0000
38	50.0000
38	50.0000
38	50.0000
38	50.0000
38	50.0000
38	50.0000
38	500.0000
38	50160.0000
38	503.3700
38	504.0000
38	50400.0000
38	5075.0000
38	5100.0000
38	51474.0000
38	5160.0000
38	5194.8000
38	52.0000
38	5200.0000
38	525.0000
38	5250.0000
38	5265.0000
38	531000.0000
38	5317.6000
38	532.5000
38	53.7000
38	54.0000
38	5400.0000
38	5400.0000
38	5400.0000
38	5400.0000
38	5405.0000
38	54054.0000
38	5426.4000
38	5433.6000
38	547.2000
38	5550.0000
38	5576.0000
38	558.0000
38	5580.0000
38	5661.0000
38	5670.0000
38	56712.0000
38	5680.0000
38	5687.5000
38	570.0000
38	5700.0000
38	578.2500
38	5800.0000
38	58200.0000
38	58590.0000
38	59770.0000
38	598000.0000
38	59.9200
38	6.0000
38	60.0000
38	60.0000
38	600.0000
38	6000.0000
38	6045.0000
38	6058.8000
38	60720.0000
38	608880.0000
38	609.0000
38	6135.0000
38	6195.2000
38	621.7600
38	630.0000
38	632846.8500
38	6336.0000
38	637200.0000
38	6426.0000
38	645.0000
38	64507.5000
38	64620.0000
38	65.0000
38	6525.0000
38	6600.0000
38	669.5000
38	672.0000
38	67232.0000
38	6750.0000
38	67.5200
38	67679.0400
38	6768.0000
38	678.3000
38	6816.0000
38	684.0000
38	6881.6000
38	6956.0000
38	6975.0000
38	7000.0000
38	7000.0000
38	7052.5000
38	705600.0000
38	7140.0000
38	7200.0000
38	7200.0000
38	7250.0000
38	7350.0000
38	740.2500
38	7410.0000
38	7425.0000
38	7425.0000
38	74740.0000
38	7485.0000
38	7500.0000
38	75000.0000
38	7517.4000
38	753.3000
38	7560.0000
38	75600.0000
38	7575.0000
38	7582.0000
38	770.0000
38	77000.0000
38	7718.2000
38	77.7600
38	77.7600
38	7800.0000
38	7812.0000
38	7828.8000
38	784.0000
38	790.4000
38	798.0000
38	799.2000
38	8.0000
38	8.0000
38	8.0000
38	8000.0000
38	8036.0000
38	804.0000
38	807.3300
38	814.2000
38	8160.0000
38	8280.0000
38	839.0400
38	8400.0000
38	8400.0000
38	8478.7500
38	85.0000
38	8500.0000
38	8550.0000
38	85936.0000
38	860.0000
38	8700.0000
38	8758.0000
38	8801.0000
38	88220.0000
38	8840.0000
38	8942.4000
38	8991.0000
38	90000.0000
38	9100.0000
38	9120.0000
38	912.9000
38	9140.0000
38	9170.0000
38	9180.0000
38	920.0000
38	9240.0000
38	92559.0000
38	9440.0000
38	9660.0000
38	966000.0000
38	9750.0000
38	990.0000
38	9906.6000
38	9920.0000
38	997.5000
40	0.0513
41	146295.0000
41	1724999.7000
41	391500.0000
41	5309863.5000
42	0.0000
42	10950.0000
42	11500.0000
42	1320.0000
42	1503.0000
42	2140.0000
42	2140.0000
42	24300.0000
42	2446.0000
42	2695.0000
42	314999.7500
42	3360.0000
42	4135.9500
42	4150.0000
42	4675.0000
42	4700.0000
42	47850.0000
42	5440.0000
42	6150.0000
42	6925.0000
42	71100.0000
42	7596.8000
42	7848.0000
42	8580.0000
42	8660.0000
42	917.4000
47	134000.0000
50	677000.0000
51	1.0000
51	10.0000
51	10.0000
51	10.0000
51	100.0000
51	11000.0000
51	1110.0000
51	1110.0000
51	1110.0000
51	1110.0000
51	1110.0000
51	1110.0000
51	12200.0000
51	1375.0000
51	1375.0000
51	1375.0000
51	1375.0000
51	1375.0000
51	1375.0000
51	1475.0000
51	1475.0000
51	1475.0000
51	1475.0000
51	1475.0000
51	1475.0000
51	15.0000
51	151200.0000
51	1940.0000
51	197359.4000
51	2.0000
51	20.0000
51	2050.0000
51	210.0000
51	2200.0000
51	226713.6000
51	24024.0000
51	2910.0000
51	2910.0000
51	29580.0000
51	30000.0000
51	32901.7200
51	4320.0000
51	46250.0000
51	49500.0000
51	50.0000
51	50.0000
51	500.0000
51	5400.0000
51	5750.0000
51	583920.0000
51	6.0000
51	6502872.0000
51	65772.0000
51	68000.0000
51	6870.0000
51	693780.0000
51	7219242.0000
51	72500.0000
51	72500.0000
51	72500.0000
51	72950.0000
51	72950.0000
51	90.0000
51	93708.0000
80	0.0000
80	0.0000
80	0.0000
80	0.0000
80	0.0000
80	0.0000
80	0.0000
80	0.0000
80	0.0000
80	0.0000
80	0.0000
80	0.0000
80	0.0000
80	0.0000
80	0.0000
80	0.0000
80	0.0000
80	0.0000
80	0.0000
80	0.0000
80	0.0000
80	0.0000
80	0.0000
80	0.0000
80	0.0000
80	0.0000
80	0.0000
80	1.0000
80	1.0000
80	1.0000
80	1.0000
80	1.0000
80	100.0000
80	10000.0000
80	101466.0000
80	1042800.0000
80	106500.0000
80	108000.0000
80	10850.0000
80	110000.0000
80	110000.0000
80	1110.0000
80	113880.0000
80	1152.0000
80	1152.0000
80	11800.0000
80	120.0000
80	1200.0000
80	1200.0000
80	121200.0000
80	12193.9200
80	1224.0000
80	12384.0000
80	125760.0000
80	130.0000
80	13000.0000
80	1380.0000
80	1386958.8000
80	13935.6000
80	14.0000
80	140.0000
80	1400.0000
80	1440.0000
80	1443816.0000
80	1480.0000
80	14880.0000
80	1500.0000
80	15000.0000
80	15000.0000
80	1524.0000
80	15600.0000
80	168343.9200
80	1700.0000
80	178200.0000
80	1800.0000
80	1800.0000
80	180000.0000
80	1820.0000
80	1851600.0000
80	1868.4000
80	192.0000
80	1920.0000
80	1920.0000
80	19258.5900
80	1929.6000
80	1970.0000
80	2160.0000
80	2199.0000
80	21999.6000
80	2200.0000
80	22000.0000
80	2214.0000
80	2220.0000
80	22356.0000
80	22440.0000
80	23310.0000
80	2340.0000
80	23730.0000
80	2400.0000
80	24786.0000
80	25.0000
80	2500.0000
80	2580.0000
80	26000.0000
80	2664.0000
80	26816.0000
80	2693.0000
80	2768280.0000
80	27900.0000
80	280652.4000
80	282000.0000
80	283.3200
80	2844930.0000
80	2892.0000
80	2928.2400
80	29600.0000
80	29900.0000
80	300.0000
80	3000.0000
80	30000.0000
80	31185.0000
80	3190.0000
80	3268339.2000
80	3288.0000
80	3299.9900
80	33822.0000
80	34497.3000
80	3500.0000
80	35000.0000
80	35400.0000
80	35600.0000
80	3576.0000
80	360.0000
80	360.0000
80	360.0000
80	37000.0000
80	38000.0000
80	3833.7600
80	386400.0000
80	388800.0000
80	3900.0000
80	3936.0000
80	3946.5600
80	40499.5000
80	4050.0000
80	40630.0000
80	4200.0000
80	423000.0000
80	4305.0000
80	4350.0000
80	43800.0000
80	450.0000
80	450.0000
80	45600.0000
80	467562.9600
80	4700.0000
80	48000.0000
80	48000.0000
80	492.0000
80	5.0000
80	5.0000
80	50.0000
80	5095.2000
80	51000.0000
80	5225.0000
80	5400.0000
80	54600.0000
80	55000.0000
80	5543.2200
80	58000.0000
80	6000.0000
80	6020.0000
80	6100.0000
80	62620.0000
80	630.0000
80	6300.0000
80	6387.5000
80	6528.0000
80	6600.0000
80	66000.0000
80	666.0000
80	666516.0000
80	69000.0000
80	70000.0000
80	70770.0000
80	720.0000
80	7200.0000
80	72600.0000
80	73740.0000
80	750.0000
80	7650.0000
80	78000.0000
80	7990.0000
80	8.0000
80	80000.0000
80	814968.0000
80	8200.0000
80	83640.0000
80	84000.0000
80	8550.0000
80	8640.0000
80	8700.0000
80	8712.0000
80	8869.1000
80	888.0000
80	9000.0000
80	9000.0000
80	90000.0000
80	92000.0000
80	93555.0000
80	9500.0000
80	964.8000
80	973080.0000
81	0.0000
81	0.0000
81	0.0000
81	176988.2200
81	26000.0000
81	2700000.0000
81	298800.0000
81	298990.9900
81	36800.0000
81	49299.5700
81	70000.0000
81	93000.0000
81	93999.8600
82	70000.0000
84	0.0000
84	0.0000
84	0.0000
84	0.0000
84	0.0000
84	0.0000
84	0.0000
84	0.0000
84	0.0000
84	0.0000
84	0.0000
84	0.0000
84	0.0000
84	0.0000
84	0.0000
84	0.0000
84	0.0000
84	0.0000
84	0.0000
84	0.0000
84	0.0000
84	0.0000
84	0.0000
84	0.0000
84	0.0000
84	0.0000
84	0.0000
84	0.0000
84	0.0000
84	0.0000
84	0.0000
84	0.0000
84	0.0000
84	0.0000
84	0.0000
84	0.0000
84	0.0000
84	0.0000
84	0.0000
84	0.0000
84	0.0000
84	0.0000
84	0.0000
84	0.0000
84	0.0000
84	0.0000
84	0.0000
84	0.0000
84	0.0000
84	1018.0000
84	102.0000
84	1025.7000
84	10900.0000
84	1117.5000
84	11390.0000
84	1140.0000
84	11440.0000
84	1184.4000
84	11900.0000
84	1200.0000
84	12400.0000
84	1244.4000
84	126000.0000
84	1296.0000
84	13200.0000
84	1320000.0000
84	1320000.0000
84	1330.0000
84	13500.0000
84	14160.0000
84	14250.0000
84	14990.0000
84	150000.0000
84	15048.0000
84	153.0000
84	156960.0000
84	1573.2000
84	16000.0000
84	16320.0000
84	165.0000
84	16600.0000
84	17000.0000
84	1723.8000
84	1760.0000
84	17820.0000
84	17900.0000
84	190.0000
84	19500.0000
84	19500.0000
84	1960.0000
84	1974.0000
84	19740.0000
84	200880.0000
84	20400.0000
84	20900.0000
84	2131.8000
84	219.3000
84	220.0000
84	2250.0000
84	22750.0000
84	2300.0000
84	2400.0000
84	24600.0000
84	24720.0000
84	2500.0000
84	259.2000
84	260.0000
84	2618.0000
84	262500.0000
84	26980.0000
84	270200.0000
84	272.1600
84	278976.0000
84	285.0000
84	288.0000
84	3000.0000
84	3040.0000
84	3040000.0000
84	312.9840
84	315000.0000
84	3160.0000
84	3240.0000
84	3300.0000
84	3350.0000
84	3466.2400
84	3537.0000
84	356.0000
84	35680.0000
84	36000.0000
84	360000.0000
84	3650.0000
84	3650.0000
84	3650.0000
84	3795.0000
84	380.0000
84	38400.0000
84	38500.0000
84	38580.0000
84	3920.0000
84	3920.0000
84	4090.0000
84	4100.0000
84	4200.0000
84	4311.0000
84	4350.0000
84	440.0000
84	453.0000
84	45400.0000
84	4600.0000
84	46500.0000
84	466000.0000
84	4800.0000
84	488880.0000
84	495000.0000
84	4960.0000
84	4960.0000
84	5000.0000
84	5000.0000
84	5020.0000
84	5070.0000
84	51000.0000
84	51000.0000
84	510000.0000
84	5120.0000
84	5120.0000
84	5180.0000
84	520000.0000
84	53250.0000
84	54000.0000
84	550000.0000
84	55200.0000
84	5629.0000
84	5698.0000
84	5700.0000
84	60450.0000
84	60760.0000
84	6160.0000
84	6240.0000
84	630.0000
84	63600.0000
84	640.0000
84	648.0000
84	6600.0000
84	66000.0000
84	6650.0000
84	670000.0000
84	678.0000
84	69550.0000
84	7200.0000
84	7300.0000
84	744.0000
84	7516.0000
84	760.0000
84	77000.0000
84	7960.0000
84	800.0000
84	8000.0000
84	8000.0000
84	80000.0000
84	80000.0000
84	83200.0000
84	8800.0000
84	9000.0000
84	9000.0000
84	924.0000
84	930.0000
84	930.0000
84	941700.0000
84	9600.0000
84	96379.3200
84	970.0000
84	9744.0000
84	9744.0000
84	9760.0000
84	9768.0000
84	980.0000
84	9800.0000
84	9800.0000
85	5290000.0000
86	0.0000
86	1000.0000
86	1360.0000
86	1500.0000
86	16720.0000
86	1800.0000
86	1800.0000
86	18900.0000
86	1950.0000
86	2200.0000
86	22560.0000
86	27000.0000
86	31200.0000
86	31500.0000
86	31940.0000
86	322999.0400
86	33120.0000
86	3440.0000
86	3600.0000
86	37500.0000
86	5400.0000
86	570.0000
86	5880.0000
86	6000.0000
86	620.0000
86	800.0000
86	8000.0000
86	847.0200
86	903.0000
86	9450.0000
86	9900.0000
